node1,node2,length,startLon,startLat,endLon,endLat,endNodeL,startNodeL,startYear,endYear,tipLabel
107,108,4.666666667,-79.0631947067128,39.7359299915181,-79.274674185714,39.5778667629692,4.666666667,0,1971.999999666,1976.666666333,NA
107,116,0.333333333299997,-79.0631947067128,39.7359299915181,-79.1257229504253,39.7382678986309,0.333333333299997,0,1971.999999666,1972.3333329993,NA
116,126,1.083333333,-79.1257229504253,39.7382678986309,-78.8259053821139,39.6218360740224,1.4166666663,0.333333333299997,1972.3333329993,1973.4166663323,NA
126,131,1.25,-78.8259053821139,39.6218360740224,-78.3933025546594,39.1398903121875,2.6666666663,1.4166666663,1973.4166663323,1974.6666663323,NA
131,132,0.333333333300001,-78.3933025546594,39.1398903121875,-78.3846952613129,39.1651712364421,2.9999999996,2.6666666663,1974.6666663323,1974.9999996656,NA
132,133,0.25,-78.3846952613129,39.1651712364421,-78.4054764960239,38.99828395264,3.2499999996,2.9999999996,1974.9999996656,1975.2499996656,NA
116,117,3.416666667,-79.1257229504253,39.7382678986309,-78.2340984206028,40.6329655833663,3.7500000003,0.333333333299997,1972.3333329993,1975.7499996663,NA
126,127,3,-78.8259053821139,39.6218360740224,-79.1524436307038,39.2120505520427,4.4166666663,1.4166666663,1973.4166663323,1976.4166663323,NA
132,144,2.583333333,-78.3846952613129,39.1651712364421,-78.4946526650634,38.596489674621,5.5833333326,2.9999999996,1974.9999996656,1977.5833329986,NA
117,119,2,-78.2340984206028,40.6329655833663,-78.2476286317971,40.5917767114456,5.7500000003,3.7500000003,1975.7499996663,1977.7499996663,NA
131,176,3.416666667,-78.3933025546594,39.1398903121875,-77.7274030182551,39.1094998568395,6.0833333333,2.6666666663,1974.6666663323,1978.0833329993,NA
133,134,3.666666667,-78.4054764960239,38.99828395264,-77.2641045838832,40.2064971805947,6.9166666666,3.2499999996,1975.2499996656,1978.9166663326,NA
133,140,3.916666667,-78.4054764960239,38.99828395264,-78.7537877824508,39.0933425973073,7.1666666666,3.2499999996,1975.2499996656,1979.1666663326,NA
176,177,1.333333333,-77.7274030182551,39.1094998568395,-77.2299565489868,38.7382586405344,7.4166666663,6.0833333333,1978.0833329993,1979.4166663323,NA
127,128,3.583333333,-79.1524436307038,39.2120505520427,-79.110441700862,39.2679038719396,7.9999999993,4.4166666663,1976.4166663323,1979.9999996653,NA
144,153,2.916666667,-78.4946526650634,38.596489674621,-78.4649676765344,37.9713224963752,8.4999999996,5.5833333326,1977.5833329986,1980.4999996656,NA
176,181,2.5,-77.7274030182551,39.1094998568395,-77.3784146360258,39.1046299363299,8.5833333333,6.0833333333,1978.0833329993,1980.5833329993,NA
134,135,1.75,-77.2641045838832,40.2064971805947,-77.3262514273547,40.2314900140343,8.6666666666,6.9166666666,1978.9166663326,1980.6666663326,NA
153,160,0.5,-78.4649676765344,37.9713224963752,-78.0958367157041,38.5246949079637,8.9999999996,8.4999999996,1980.4999996656,1980.9999996656,NA
140,141,2.25,-78.7537877824508,39.0933425973073,-78.936760033239,39.0224597073162,9.4166666666,7.1666666666,1979.1666663326,1981.4166663326,NA
181,182,1.166666667,-77.3784146360258,39.1046299363299,-77.4791062324083,38.5689252036562,9.7500000003,8.5833333333,1980.5833329993,1981.7499996663,NA
181,185,1.25,-77.3784146360258,39.1046299363299,-77.354278187659,38.8104743869124,9.8333333333,8.5833333333,1980.5833329993,1981.8333329993,NA
135,136,1.166666667,-77.3262514273547,40.2314900140343,-77.2315770993488,38.9479900630729,9.8333333336,8.6666666666,1980.6666663326,1981.8333329996,NA
108,110,5.166666667,-79.274674185714,39.5778667629692,-78.5428069738399,39.4998256541602,9.833333334,4.666666667,1976.666666333,1981.833333,NA
177,178,2.583333333,-77.2299565489868,38.7382586405344,-77.7162531072846,38.8383925396909,9.9999999993,7.4166666663,1979.4166663323,1981.9999996653,NA
119,120,4.25,-78.2476286317971,40.5917767114456,-78.4909891861524,40.3698914360866,10.0000000003,5.7500000003,1977.7499996663,1981.9999996663,NA
134,138,3.25,-77.2641045838832,40.2064971805947,-77.0765197405209,40.8474556927517,10.1666666666,6.9166666666,1978.9166663326,1982.1666663326,NA
117,118,6.416666667,-78.2340984206028,40.6329655833663,-78.3187835523686,40.4528843546393,10.1666666673,3.7500000003,1975.7499996663,1982.1666663333,NA
138,139,0.166666666699996,-77.0765197405209,40.8474556927517,-77.0146076018341,40.7326593947181,10.3333333333,10.1666666666,1982.1666663326,1982.3333329993,NA
135,137,1.666666667,-77.3262514273547,40.2314900140343,-77.0590946634533,40.3941589908416,10.3333333336,8.6666666666,1980.6666663326,1982.3333329996,NA
178,71,0.416667334699923,-77.7162531072846,38.8383925396909,-77.67228,38.847243,10.4166673339999,9.9999999993,1981.9999996653,1982.416667,54
160,161,1.5,-78.0958367157041,38.5246949079637,-78.3177830844454,38.8233427772807,10.4999999996,8.9999999996,1980.9999996656,1982.4999996656,NA
118,10,0.500000666699925,-78.3187835523686,40.4528843546393,-78.3380967205508,40.4188639078288,10.6666673339999,10.1666666673,1982.1666663333,1982.666667,56
153,154,2.416666667,-78.4649676765344,37.9713224963752,-78.88998859886,37.8076385249563,10.9166666666,8.4999999996,1980.4999996656,1982.9166663326,NA
128,21,2.91666733469992,-79.110441700862,39.2679038719396,-78.9349368276662,39.6904734300981,10.9166673339999,7.9999999993,1979.9999996653,1982.916667,32
182,183,1.333333333,-77.4791062324083,38.5689252036562,-77.1969254434783,39.0740909254743,11.0833333333,9.7500000003,1981.7499996663,1983.0833329993,NA
120,121,1.083333333,-78.4909891861524,40.3698914360866,-78.5268565439607,40.5059772005363,11.0833333333,10.0000000003,1981.9999996663,1983.0833329993,NA
154,155,0.166666666699996,-78.88998859886,37.8076385249563,-78.882970669472,37.7977017722512,11.0833333333,10.9166666666,1982.9166663326,1983.0833329993,NA
139,31,0.833334000699928,-77.0146076018341,40.7326593947181,-77.036677125147,40.7294223219914,11.1666673339999,10.3333333333,1982.3333329993,1983.166667,63
183,76,0.0833340006999244,-77.1969254434783,39.0740909254743,-76.691555,39.130923,11.1666673339999,11.0833333333,1983.0833329993,1983.166667,68
110,3,1.41666699999996,-78.5428069738399,39.4998256541602,-79.382146,39.905426,11.250000334,9.833333334,1981.833333,1983.25,47
138,29,1.25000066739992,-77.0765197405209,40.8474556927517,-77.0304443812945,40.7278061558557,11.4166673339999,10.1666666666,1982.1666663326,1983.416667,59
141,32,2.1666666674,-78.936760033239,39.0224597073162,-79.741549,40.157649,11.583333334,9.4166666666,1981.4166663326,1983.583333,42
137,28,1.2500000004,-77.0590946634533,40.3941589908416,-76.93964,40.305926,11.583333334,10.3333333336,1982.3333329996,1983.583333,61
155,156,0.583333333300004,-78.882970669472,37.7977017722512,-78.9223050207735,37.7205000323779,11.6666666666,11.0833333333,1983.0833329993,1983.6666663326,NA
127,20,7.25000066769993,-79.1524436307038,39.2120505520427,-78.604692,39.239049,11.6666673339999,4.4166666663,1976.4166663323,1983.666667,17
161,54,1.16666733439992,-78.3177830844454,38.8233427772807,-78.4107531341026,38.824504186907,11.6666673339999,10.4999999996,1982.4999996656,1983.666667,64
154,157,0.833333333299997,-78.88998859886,37.8076385249563,-78.8669293255944,37.5618350764562,11.7499999999,10.9166666666,1982.9166663326,1983.7499996659,NA
185,186,2,-77.354278187659,38.8104743869124,-77.4794660753246,38.690485175696,11.8333333333,9.8333333333,1981.8333329993,1983.8333329993,NA
186,187,0.0833333333299997,-77.4794660753246,38.690485175696,-77.2281826045584,38.5795005830807,11.91666666663,11.8333333333,1983.8333329993,1983.91666633263,NA
110,111,2.083333333,-78.5428069738399,39.4998256541602,-78.3652477883698,39.5683512829363,11.916666667,9.833333334,1981.833333,1983.916666333,NA
187,80,0.0833336673699634,-77.2281826045584,38.5795005830807,-77.267439,38.47392,12.000000334,11.91666666663,1983.91666633263,1984,83
157,158,0.416666666700003,-78.8669293255944,37.5618350764562,-78.9467448730757,37.4730314751733,12.1666666666,11.7499999999,1983.7499996659,1984.1666663326,NA
136,25,2.33333400039993,-77.2315770993488,38.9479900630729,-78.4796987961186,39.7914936446845,12.1666673339999,9.8333333336,1981.8333329996,1984.166667,50
178,179,2.25,-77.7162531072846,38.8383925396909,-77.8410760835882,39.242498061483,12.2499999993,9.9999999993,1981.9999996653,1984.2499996653,NA
161,162,1.75,-78.3177830844454,38.8233427772807,-78.8299081872094,38.5571320324547,12.2499999996,10.4999999996,1982.4999996656,1984.2499996656,NA
118,11,2.25000066669993,-78.3187835523686,40.4528843546393,-79.095452,40.734855,12.4166673339999,10.1666666673,1982.1666663333,1984.416667,57
121,122,1.416666667,-78.5268565439607,40.5059772005363,-78.129384843163,37.8926132973086,12.5000000003,11.0833333333,1983.0833329993,1984.4999996663,NA
119,12,6.75000033369997,-78.2476286317971,40.5917767114456,-77.308264363193,40.6066828664607,12.500000334,5.7500000003,1977.7499996663,1984.5,22
162,55,0.250000334399964,-78.8299081872094,38.5571320324547,-78.805737,38.643701,12.500000334,12.2499999996,1984.2499996656,1984.5,89
144,145,7,-78.4946526650634,38.596489674621,-79.7823119026215,39.3824088441999,12.5833333326,5.5833333326,1977.5833329986,1984.5833329986,NA
158,50,0.416666667400001,-78.9467448730757,37.4730314751733,-79.0074717377578,37.6753449313297,12.583333334,12.1666666666,1984.1666663326,1984.583333,85
157,49,0.916667334099927,-78.8669293255944,37.5618350764562,-78.890609,37.671456,12.6666673339999,11.7499999999,1983.7499996659,1984.666667,77
183,184,1.666666667,-77.1969254434783,39.0740909254743,-77.1895766058061,38.8966191847376,12.7500000003,11.0833333333,1983.0833329993,1984.7499996663,NA
145,146,0.5,-79.7823119026215,39.3824088441999,-79.8213258914115,39.3268188240136,13.0833333326,12.5833333326,1984.5833329986,1985.0833329986,NA
179,72,0.833333334700001,-77.8410760835882,39.242498061483,-78.17315,38.921764,13.083333334,12.2499999993,1984.2499996653,1985.083333,86
156,48,1.58333366739996,-78.9223050207735,37.7205000323779,-78.70147,37.813708,13.250000334,11.6666666666,1983.6666663326,1985.25,75
184,78,0.500000333699965,-77.1895766058061,38.8966191847376,-76.801981,38.63978,13.250000334,12.7500000003,1984.7499996663,1985.25,95
187,188,1.416666667,-77.2281826045584,38.5795005830807,-77.3127686861761,38.7643062623676,13.33333333363,11.91666666663,1983.91666633263,1985.33333299963,NA
188,189,0.25,-77.3127686861761,38.7643062623676,-77.4855267766044,38.686003386624,13.58333333363,13.33333333363,1985.33333299963,1985.58333299963,NA
146,37,0.583334001399926,-79.8213258914115,39.3268188240136,-79.640195887194,39.3006202758899,13.6666673339999,13.0833333326,1985.0833329986,1985.666667,96
120,123,3.75,-78.4909891861524,40.3698914360866,-78.6454482401739,40.3963842868808,13.7500000003,10.0000000003,1981.9999996663,1985.7499996663,NA
123,16,3.33699965437972e-07,-78.6454482401739,40.3963842868808,-78.6453884165155,40.3962763109712,13.750000334,13.7500000003,1985.7499996663,1985.75,103
182,75,4.25000033369997,-77.4791062324083,38.5689252036562,-77.599974,38.556095,14.000000334,9.7500000003,1981.7499996663,1986,44
111,112,2.166666667,-78.3652477883698,39.5683512829363,-78.3827260910119,39.6215468097602,14.083333334,11.916666667,1983.916666333,1986.083333,NA
179,180,2,-77.8410760835882,39.242498061483,-77.8327727482398,39.247847821148,14.2499999993,12.2499999993,1984.2499996653,1986.2499996653,NA
160,53,5.25000033439996,-78.0958367157041,38.5246949079637,-77.683446,38.423421,14.250000334,8.9999999996,1980.9999996656,1986.25,40
141,33,4.83333366739996,-78.936760033239,39.0224597073162,-78.963495,38.796685,14.250000334,9.4166666666,1981.4166663326,1986.25,43
136,26,4.66666700039996,-77.2315770993488,38.9479900630729,-76.5354201808272,39.2882922823326,14.500000334,9.8333333336,1981.8333329996,1986.5,51
188,81,1.33333400036992,-77.3127686861761,38.7643062623676,-77.392777,39.209501,14.6666673339999,13.33333333363,1985.33333299963,1986.666667,98
121,13,3.83333400069992,-78.5268565439607,40.5059772005363,-78.4763746131203,39.786639729764,14.9166673339999,11.0833333333,1983.0833329993,1986.916667,71
155,46,3.91666700069997,-78.882970669472,37.7977017722512,-79.0066904427709,37.6732254979587,15.000000334,11.0833333333,1983.0833329993,1987,72
162,163,2.833333333,-78.8299081872094,38.5571320324547,-78.7564263237914,38.5930910456769,15.0833333326,12.2499999996,1984.2499996656,1987.0833329986,NA
123,124,1.333333333,-78.6454482401739,40.3963842868808,-78.57172272825,40.4018027185538,15.0833333333,13.7500000003,1985.7499996663,1987.0833329993,NA
122,14,2.5833333337,-78.129384843163,37.8926132973086,-77.894433,38.743188,15.083333334,12.5000000003,1984.4999996663,1987.083333,90
146,38,2.0000000014,-79.8213258914115,39.3268188240136,-79.9859182738982,38.8823867132954,15.083333334,13.0833333326,1985.0833329986,1987.083333,97
189,83,1.58333400036992,-77.4855267766044,38.686003386624,-77.65508,38.683202,15.1666673339999,13.58333333363,1985.58333299963,1987.166667,101
112,4,1.16666699999996,-78.3827260910119,39.6215468097602,-78.4651832339799,39.6017996783145,15.250000334,14.083333334,1986.083333,1987.25,104
180,73,1.25000033469996,-77.8327727482398,39.247847821148,-78.173629,39.001184,15.500000334,14.2499999993,1986.2499996653,1987.5,106
185,79,5.83333400069992,-77.354278187659,38.8104743869124,-78.4596760158681,39.6055607929679,15.6666673339999,9.8333333333,1981.8333329993,1987.666667,49
112,113,2.166666667,-78.3827260910119,39.6215468097602,-78.6753039248761,39.0569919739484,16.250000001,14.083333334,1986.083333,1988.249999667,NA
156,47,4.58333366739996,-78.9223050207735,37.7205000323779,-79.053214,37.900691,16.250000334,11.6666666666,1983.6666663326,1988.25,74
163,164,1.25,-78.7564263237914,38.5930910456769,-78.8284335743494,38.5008551606482,16.3333333326,15.0833333326,1987.0833329986,1988.3333329986,NA
108,109,12,-79.274674185714,39.5778667629692,-79.3172494028273,39.6806806127442,16.666666667,4.666666667,1976.666666333,1988.666666333,NA
111,114,4.916666667,-78.3652477883698,39.5683512829363,-79.0173026441585,38.6321313822637,16.833333334,11.916666667,1983.916666333,1988.833333,NA
124,17,1.91666700069996,-78.57172272825,40.4018027185538,-78.3403263504012,40.4115598460862,17.000000334,15.0833333333,1987.0833329993,1989,111
164,165,0.75,-78.8284335743494,38.5008551606482,-78.8529797310379,38.6535163499089,17.0833333326,16.3333333326,1988.3333329986,1989.0833329986,NA
137,27,6.7500000004,-77.0590946634533,40.3941589908416,-77.3142129592939,40.6049201758355,17.083333334,10.3333333336,1982.3333329996,1989.083333,60
186,190,5.333333333,-77.4794660753246,38.690485175696,-78.1437895817555,39.693604551524,17.1666666663,11.8333333333,1983.8333329993,1989.1666663323,NA
184,77,4.41666733369993,-77.1895766058061,38.8966191847376,-77.385969,38.565298,17.1666673339999,12.7500000003,1984.7499996663,1989.166667,94
114,7,0.333333999999923,-79.0173026441585,38.6321313822637,-79.043939,38.611651,17.1666673339999,16.833333334,1988.833333,1989.166667,118
113,6,1.083333333,-78.6753039248761,39.0569919739484,-78.863692,38.716202,17.333333334,16.250000001,1988.249999667,1989.333333,113
113,5,1.16666733299992,-78.6753039248761,39.0569919739484,-77.910611,38.802159,17.4166673339999,16.250000001,1988.249999667,1989.416667,112
109,2,0.750000666999924,-79.3172494028273,39.6806806127442,-79.211165,39.677205,17.4166673339999,16.666666667,1988.666666333,1989.416667,117
122,15,5.0833333337,-78.129384843163,37.8926132973086,-79.087038,37.728353,17.583333334,12.5000000003,1984.4999996663,1989.583333,91
165,166,0.666666666699999,-78.8529797310379,38.6535163499089,-80.1429005005812,38.6605855963947,17.7499999993,17.0833333326,1989.0833329986,1989.7499996653,NA
164,168,1.5,-78.8284335743494,38.5008551606482,-78.8076826598071,38.4617040240714,17.8333333326,16.3333333326,1988.3333329986,1989.8333329986,NA
158,159,6,-78.9467448730757,37.4730314751733,-77.6948727979856,38.227078654253,18.1666666666,12.1666666666,1984.1666663326,1990.1666663326,NA
166,57,0.583333334700004,-80.1429005005812,38.6605855963947,-79.843008,38.412511,18.333333334,17.7499999993,1989.7499996653,1990.333333,125
168,60,0.750000001400004,-78.8076826598071,38.4617040240714,-78.895569,38.492548,18.583333334,17.8333333326,1989.8333329986,1990.583333,127
159,51,0.416666667400001,-77.6948727979856,38.227078654253,-77.814759,38.188262,18.583333334,18.1666666666,1990.1666663326,1990.583333,128
140,142,11.66666667,-78.7537877824508,39.0933425973073,-78.1991196149452,40.2831802362956,18.8333333366,7.1666666666,1979.1666663326,1990.8333330026,NA
109,1,2.416666667,-79.3172494028273,39.6806806127442,-78.9325287987161,39.6920309065969,19.083333334,16.666666667,1988.666666333,1991.083333,116
189,82,5.83333400036992,-77.4855267766044,38.686003386624,-77.189799,38.465277,19.4166673339999,13.58333333363,1985.58333299963,1991.416667,100
190,191,2.333333333,-78.1437895817555,39.693604551524,-77.8026503784204,38.8119901925494,19.4999999993,17.1666666663,1989.1666663323,1991.4999996653,NA
142,143,0.833333333300001,-78.1991196149452,40.2831802362956,-78.2002784658291,40.2281614854542,19.6666666699,18.8333333366,1990.8333330026,1991.6666663359,NA
165,167,2.75,-78.8529797310379,38.6535163499089,-80.3628768028038,38.5082890061852,19.8333333326,17.0833333326,1989.0833329986,1991.8333329986,NA
191,192,0.333333333300001,-77.8026503784204,38.8119901925494,-77.7561372531363,38.5655314959489,19.8333333326,19.4999999993,1991.4999996653,1991.8333329986,NA
190,194,2.75,-78.1437895817555,39.693604551524,-78.3504166447439,39.5910360701567,19.9166666663,17.1666666663,1989.1666663323,1991.9166663323,NA
128,129,12,-79.110441700862,39.2679038719396,-79.7499017595487,39.5296943289348,19.9999999993,7.9999999993,1979.9999996653,1991.9999996653,NA
177,70,12.6666666677,-77.2299565489868,38.7382586405344,-76.017201,39.023349,20.083333334,7.4166666663,1979.4166663323,1992.083333,30
143,35,0.416666664100003,-78.2002784658291,40.2281614854542,-78.006756,40.374168,20.083333334,19.6666666699,1991.6666663359,1992.083333,134
145,147,7.833333333,-79.7823119026215,39.3824088441999,-81.9876976020841,39.9766676117273,20.4166666656,12.5833333326,1984.5833329986,1992.4166663316,NA
143,36,0.833333664099964,-78.2002784658291,40.2281614854542,-78.6423695020146,40.4021819434068,20.500000334,19.6666666699,1991.6666663359,1992.5,135
180,74,6.41666733469992,-77.8327727482398,39.247847821148,-78.787142,38.867257,20.6666673339999,14.2499999993,1986.2499996653,1992.666667,107
163,170,5.666666667,-78.7564263237914,38.5930910456769,-79.4373951064776,40.6253092357684,20.7499999996,15.0833333326,1987.0833329986,1992.7499996656,NA
194,202,0.833333333300001,-78.3504166447439,39.5910360701567,-77.957990571592,39.8663409619271,20.7499999996,19.9166666663,1991.9166663323,1992.7499996656,NA
147,148,0.5,-81.9876976020841,39.9766676117273,-81.537338824824,40.4610108842229,20.9166666656,20.4166666656,1992.4166663316,1992.9166663316,NA
170,174,0.166666666699999,-79.4373951064776,40.6253092357684,-79.3493852183898,40.6682883907771,20.9166666663,20.7499999996,1992.7499996656,1992.9166663323,NA
166,56,3.3333333347,-80.1429005005812,38.6605855963947,-80.725661,38.78592,21.083333334,17.7499999993,1989.7499996653,1993.083333,124
124,125,6.083333333,-78.57172272825,40.4018027185538,-78.3247743383703,40.2231028657627,21.1666666663,15.0833333333,1987.0833329993,1993.1666663323,NA
170,171,0.416666666699999,-79.4373951064776,40.6253092357684,-79.4430667306223,40.6050298851033,21.1666666663,20.7499999996,1992.7499996656,1993.1666663323,NA
202,203,0.416666666699999,-77.957990571592,39.8663409619271,-77.915414430419,39.9137382871403,21.1666666663,20.7499999996,1992.7499996656,1993.1666663323,NA
174,67,0.250000667699926,-79.3493852183898,40.6682883907771,-79.370533,40.654871,21.1666673339999,20.9166666663,1992.9166663323,1993.166667,153
171,172,0.166666666699999,-79.4430667306223,40.6050298851033,-79.4582264179621,40.476315263732,21.333333333,21.1666666663,1993.1666663323,1993.333332999,NA
159,52,3.1666666674,-77.6948727979856,38.227078654253,-79.127937,37.460504,21.333333334,18.1666666666,1990.1666663326,1993.333333,129
147,39,1.4166666684,-81.9876976020841,39.9766676117273,-82.053395,39.708286,21.833333334,20.4166666656,1992.4166663316,1993.833333,144
125,18,0.666666667700003,-78.3247743383703,40.2231028657627,-78.3410280285159,40.4115955666125,21.833333334,21.1666666663,1993.1666663323,1993.833333,154
168,169,4.083333333,-78.8076826598071,38.4617040240714,-78.7648963915132,38.668357805531,21.9166666656,17.8333333326,1989.8333329986,1993.9166663316,NA
194,195,2,-78.3504166447439,39.5910360701567,-78.4643725020971,39.5542415424384,21.9166666663,19.9166666663,1991.9166663323,1993.9166663323,NA
148,40,1.1666666684,-81.537338824824,40.4610108842229,-81.219763,40.19985,22.083333334,20.9166666656,1992.9166663316,1994.083333,151
129,22,2.25000033469996,-79.7499017595487,39.5296943289348,-80.134204604285,39.0697520254885,22.250000334,19.9999999993,1991.9999996653,1994.25,142
171,173,1.25,-79.4430667306223,40.6050298851033,-79.9984456403741,40.1427887800413,22.4166666663,21.1666666663,1993.1666663323,1994.4166663323,NA
167,58,2.58333400139993,-80.3628768028038,38.5082890061852,-80.3922932251838,38.619088071542,22.4166673339999,19.8333333326,1991.8333329986,1994.416667,136
202,206,1.833333333,-77.957990571592,39.8663409619271,-77.8798864786875,39.671582972909,22.5833333326,20.7499999996,1992.7499996656,1994.5833329986,NA
139,30,12.4166670007,-77.0146076018341,40.7326593947181,-76.648403,38.58284,22.750000334,10.3333333333,1982.3333329993,1994.75,62
203,96,1.58333366769996,-77.915414430419,39.9137382871403,-77.509298,38.719232,22.750000334,21.1666666663,1993.1666663323,1994.75,159
173,66,0.416666667700003,-79.9984456403741,40.1427887800413,-80.0076793152084,40.0617244026774,22.833333334,22.4166666663,1994.4166663323,1994.833333,167
191,193,3.416666667,-77.8026503784204,38.8119901925494,-77.5861208408708,38.9905619433943,22.9166666663,19.4999999993,1991.4999996653,1994.9166663323,NA
169,62,1.00000066839993,-78.7648963915132,38.668357805531,-79.9873724706571,38.8783607339768,22.9166673339999,21.9166666656,1993.9166663316,1994.916667,163
172,64,1.91666700099996,-79.4582264179621,40.476315263732,-79.066397,39.458644,23.250000334,21.333333333,1993.333332999,1995.25,161
193,87,0.666666667700003,-77.5861208408708,38.9905619433943,-77.458584,38.819654,23.583333334,22.9166666663,1994.9166663323,1995.583333,171
142,34,5.58333399739993,-78.1991196149452,40.2831802362956,-79.547699,40.414531,24.4166673339999,18.8333333366,1990.8333330026,1996.416667,131
203,204,3.333333333,-77.915414430419,39.9137382871403,-78.4303855449915,39.824675750853,24.4999999993,21.1666666663,1993.1666663323,1996.4999996653,NA
195,197,2.583333333,-78.4643725020971,39.5542415424384,-78.0081389740642,39.0708014281383,24.4999999993,21.9166666663,1993.9166663323,1996.4999996653,NA
197,198,0.166666666699999,-78.0081389740642,39.0708014281383,-78.080365453198,39.1336828176364,24.666666666,24.4999999993,1996.4999996653,1996.666666332,NA
173,65,2.50000066769993,-79.9984456403741,40.1427887800413,-80.200331,39.913465,24.9166673339999,22.4166666663,1994.4166663323,1996.916667,166
192,85,5.16666700139996,-77.7561372531363,38.5655314959489,-78.029199,38.900264,25.000000334,19.8333333326,1991.8333329986,1997,139
172,63,3.750000001,-79.4582264179621,40.476315263732,-79.207385,40.232159,25.083333334,21.333333333,1993.333332999,1997.083333,160
198,90,0.500000667999927,-78.080365453198,39.1336828176364,-78.246362,39.451997,25.1666673339999,24.666666666,1996.666666332,1997.166667,176
125,19,4.25000066769993,-78.3247743383703,40.2231028657627,-77.716855,40.727958,25.4166673339999,21.1666666663,1993.1666663323,1997.416667,155
197,199,1.083333333,-78.0081389740642,39.0708014281383,-78.1541613436833,39.3510192133515,25.5833333323,24.4999999993,1996.4999996653,1997.5833329983,NA
148,149,4.666666667,-81.537338824824,40.4610108842229,-81.5398587008977,40.2291512611518,25.5833333326,20.9166666656,1992.9166663316,1997.5833329986,NA
206,208,3.333333333,-77.8798864786875,39.671582972909,-77.8849305857597,39.6959281253546,25.9166666656,22.5833333326,1994.5833329986,1997.9166663316,NA
204,205,1.583333333,-78.4303855449915,39.824675750853,-78.7074082550732,39.5516177088167,26.0833333323,24.4999999993,1996.4999996653,1998.0833329983,NA
195,196,4.166666667,-78.4643725020971,39.5542415424384,-79.5932189861819,38.7548535406338,26.0833333333,21.9166666663,1993.9166663323,1998.0833329993,NA
199,200,0.583333333300001,-78.1541613436833,39.3510192133515,-78.1867300184542,39.690704935435,26.1666666656,25.5833333323,1997.5833329983,1998.1666663316,NA
174,175,5.25,-79.3493852183898,40.6682883907771,-80.0816322261035,40.0922071282471,26.1666666663,20.9166666663,1992.9166663323,1998.1666663323,NA
169,61,4.25000066839993,-78.7648963915132,38.668357805531,-78.634374363314,38.9288578516581,26.1666673339999,21.9166666656,1993.9166663316,1998.166667,162
175,68,0.0833336676999643,-80.0816322261035,40.0922071282471,-79.6418562384213,39.2955431293992,26.250000334,26.1666666663,1998.1666663323,1998.25,188
192,84,6.5000000014,-77.7561372531363,38.5655314959489,-79.433124,38.188552,26.333333334,19.8333333326,1991.8333329986,1998.333333,138
204,97,1.91666733469993,-78.4303855449915,39.824675750853,-78.4772941137578,39.7868454297984,26.4166673339999,24.4999999993,1996.4999996653,1998.416667,173
149,151,0.916666666699999,-81.5398587008977,40.2291512611518,-80.8974976479515,39.9453130685879,26.4999999993,25.5833333326,1997.5833329986,1998.4999996653,NA
196,88,0.833334000699924,-79.5932189861819,38.7548535406338,-80.316012,39.527084,26.9166673339999,26.0833333333,1998.0833329993,1998.916667,184
200,201,1,-78.1867300184542,39.690704935435,-78.1674972752069,39.5053906441088,27.1666666656,26.1666666656,1998.1666663316,1999.1666663316,NA
205,99,1.25000000170001,-78.7074082550732,39.5516177088167,-78.636524,39.534616,27.333333334,26.0833333323,1998.0833329983,1999.333333,187
175,69,1.1666666677,-80.0816322261035,40.0922071282471,-80.0090438591372,40.0602409026795,27.333333334,26.1666666663,1998.1666663323,1999.333333,189
167,59,7.58333400139993,-80.3628768028038,38.5082890061852,-80.62674,38.210666,27.4166673339999,19.8333333326,1991.8333329986,1999.416667,137
206,207,5.083333333,-77.8798864786875,39.671582972909,-78.5103204747694,40.5336819375887,27.6666666656,22.5833333326,1994.5833329986,1999.6666663316,NA
200,93,1.50000066839993,-78.1867300184542,39.690704935435,-78.4119260621129,38.8194674072441,27.6666673339999,26.1666666656,1998.1666663316,1999.666667,190
151,152,1.833333333,-80.8974976479515,39.9453130685879,-80.2387227228878,39.0437548782137,28.3333333323,26.4999999993,1998.4999996653,2000.3333329983,NA
198,91,3.666666668,-78.080365453198,39.1336828176364,-78.021936,39.089725,28.333333334,24.666666666,1996.666666332,2000.333333,177
207,100,0.666666668400005,-78.5103204747694,40.5336819375887,-78.3435370914589,40.4165852410023,28.333333334,27.6666666656,1999.6666663316,2000.333333,196
208,209,2.5,-77.8849305857597,39.6959281253546,-77.6685443833389,38.9713477639988,28.4166666656,25.9166666656,1997.9166663316,2000.4166663316,NA
201,95,1.25000066839993,-78.1674972752069,39.5053906441088,-78.6337905759326,38.928824563083,28.4166673339999,27.1666666656,1999.1666663316,2000.416667,195
129,130,8.5,-79.7499017595487,39.5296943289348,-79.6523676103689,38.8382935471337,28.4999999993,19.9999999993,1991.9999996653,2000.4999996653,NA
151,43,2.00000033469996,-80.8974976479515,39.9453130685879,-80.776803,39.953581,28.500000334,26.4999999993,1998.4999996653,2000.5,193
114,115,11.83333333,-79.0173026441585,38.6321313822637,-79.2184072104985,38.2277312317086,28.666666664,16.833333334,1988.833333,2000.66666633,NA
152,44,0.500000001700002,-80.2387227228878,39.0437548782137,-80.1331299827294,39.0648125040704,28.833333334,28.3333333323,2000.3333329983,2000.833333,198
130,23,0.583333334700001,-79.6523676103689,38.8382935471337,-79.9859896818662,38.8771315497653,29.083333334,28.4999999993,2000.4999996653,2001.083333,202
193,86,6.83333366769996,-77.5861208408708,38.9905619433943,-77.796249,38.715512,29.750000334,22.9166666663,1994.9166663323,2001.75,170
205,98,4.33333400169993,-78.7074082550732,39.5516177088167,-78.647087760204,40.3939437082,30.4166673339999,26.0833333323,1998.0833329983,2002.416667,214
209,210,2.416666667,-77.6685443833389,38.9713477639988,-77.536596563453,39.0669488733427,30.8333333326,28.4166666656,2000.4166663316,2002.8333329986,NA
149,150,5.333333333,-81.5398587008977,40.2291512611518,-81.8796591596566,40.3728241631939,30.9166666656,25.5833333326,1997.5833329986,2002.9166663316,NA
150,41,6.68399923853258e-07,-81.8796591596566,40.3728241631939,-81.879606,40.372926,30.9166673339999,30.9166666656,2002.9166663316,2002.916667,222
208,102,5.1666666684,-77.8849305857597,39.6959281253546,-77.774711,39.818705,31.083333334,25.9166666656,1997.9166663316,2003.083333,183
196,89,5.08333400069992,-79.5932189861819,38.7548535406338,-79.6545815019265,38.5552803970884,31.1666673339999,26.0833333333,1998.0833329993,2003.166667,204
210,211,0.666666666699999,-77.536596563453,39.0669488733427,-77.6095226876065,39.271764092429,31.4999999993,30.8333333326,2002.8333329986,2003.4999996653,NA
130,24,3.00000033469996,-79.6523676103689,38.8382935471337,-79.6566288568633,38.5608439852341,31.500000334,28.4999999993,2000.4999996653,2003.5,203
199,92,6.0000000017,-78.1541613436833,39.3510192133515,-80.720686,39.619789,31.583333334,25.5833333323,1997.5833329983,2003.583333,217
211,106,0.0833333347000043,-77.6095226876065,39.271764092429,-77.773706,39.356386,31.583333334,31.4999999993,2003.4999996653,2003.583333,225
115,8,3.08333366999996,-79.2184072104985,38.2277312317086,-79.554957,38.225115,31.750000334,28.666666664,2000.66666633,2003.75,206
207,101,4.1666666684,-78.5103204747694,40.5336819375887,-78.572616,41.06278,31.833333334,27.6666666656,1999.6666663316,2003.833333,213
211,105,0.416667334699927,-77.6095226876065,39.271764092429,-77.581223,39.307462,31.9166673339999,31.4999999993,2003.4999996653,2003.916667,224
209,103,3.6666666684,-77.6685443833389,38.9713477639988,-76.5370980571531,39.2901464071489,32.083333334,28.4166666656,2000.4166663316,2004.083333,218
150,42,1.25000066839992,-81.8796591596566,40.3728241631939,-81.868059,39.931433,32.1666673339999,30.9166666656,2002.9166663316,2004.166667,223
201,94,5.25000066839993,-78.1674972752069,39.5053906441088,-78.4748361363619,39.7823174013809,32.4166673339999,27.1666666656,1999.1666663316,2004.416667,229
152,45,4.16666700169996,-80.2387227228878,39.0437548782137,-80.3918038184368,38.6212511064013,32.500000334,28.3333333323,2000.3333329983,2004.5,211
115,9,3.91666667,-79.2184072104985,38.2277312317086,-80.560571,37.665263,32.583333334,28.666666664,2000.66666633,2004.583333,207
210,104,1.86666700140001,-77.536596563453,39.0669488733427,-77.645887,38.984849,32.700000334,30.8333333326,2002.8333329986,2004.7,220
