node1,node2,length,startLon,startLat,endLon,endLat,endNodeL,startNodeL,startYear,endYear,tipLabel
142,1,11.33333333,-80.0441911005675,37.7882129367393,-78.043883,36.4155,11.33333333,0,1971.99999967,1983.333333,3
142,143,0.0833333333300033,-80.0441911005675,37.7882129367393,-79.8433171044353,37.8143924666819,0.0833333333300033,0,1971.99999967,1972.08333300333,NA
143,169,0.666666666699996,-79.8433171044353,37.8143924666819,-79.7866398696582,37.7153233601669,0.750000000029999,0.0833333333300033,1972.08333300333,1972.74999967003,NA
143,144,1.25,-79.8433171044353,37.8143924666819,-79.6525349590707,37.5413140062829,1.33333333333,0.0833333333300033,1972.08333300333,1973.33333300333,NA
169,179,2.166666667,-79.7866398696582,37.7153233601669,-79.7790156476102,37.7407582650967,2.91666666703,0.750000000029999,1972.74999967003,1974.91666633703,NA
144,145,1.833333333,-79.6525349590707,37.5413140062829,-79.2651057129117,37.1422856143865,3.16666666633,1.33333333333,1973.33333300333,1975.16666633633,NA
179,201,0.416666666699999,-79.7790156476102,37.7407582650967,-79.8480761578451,37.8034603494545,3.33333333373,2.91666666703,1974.91666633703,1975.33333300373,NA
201,221,0.333333333300001,-79.8480761578451,37.8034603494545,-79.6454054870043,38.0534437518835,3.66666666703,3.33333333373,1975.33333300373,1975.66666633703,NA
221,232,0.166666666699999,-79.6454054870043,38.0534437518835,-79.3020222728199,38.09482261253,3.83333333373,3.66666666703,1975.66666633703,1975.83333300373,NA
201,202,0.916666666699999,-79.8480761578451,37.8034603494545,-79.7307099773188,37.9112722717545,4.25000000043,3.33333333373,1975.33333300373,1976.24999967043,NA
232,236,0.916666666699999,-79.3020222728199,38.09482261253,-79.2483296051942,38.1913643792336,4.75000000043,3.83333333373,1975.83333300373,1976.74999967043,NA
221,222,1.166666667,-79.6454054870043,38.0534437518835,-79.6862102843031,38.1466658650804,4.83333333403,3.66666666703,1975.66666633703,1976.83333300403,NA
236,252,0.166666666700003,-79.2483296051942,38.1913643792336,-79.1789271902312,38.1699896811455,4.91666666713,4.75000000043,1976.74999967043,1976.91666633713,NA
202,204,1.416666667,-79.7307099773188,37.9112722717545,-80.0521534971735,37.7751262054981,5.66666666743,4.25000000043,1976.24999967043,1977.66666633743,NA
204,205,0.333333333300001,-80.0521534971735,37.7751262054981,-80.0380638758803,37.7856777589147,6.00000000073,5.66666666743,1977.66666633743,1977.99999967073,NA
222,223,1.166666667,-79.6862102843031,38.1466658650804,-79.4120031480834,38.5372004897837,6.00000000103,4.83333333403,1976.83333300403,1977.99999967103,NA
236,237,1.916666667,-79.2483296051942,38.1913643792336,-77.9460727827937,41.4796963979934,6.66666666743,4.75000000043,1976.74999967043,1978.66666633743,NA
202,203,2.5,-79.7307099773188,37.9112722717545,-79.4152235863841,37.5556034929592,6.75000000043,4.25000000043,1976.24999967043,1978.74999967043,NA
144,153,6.333333333,-79.6525349590707,37.5413140062829,-79.7276820698537,37.3445024207672,7.66666666633,1.33333333333,1973.33333300333,1979.66666633633,NA
153,154,0.25,-79.7276820698537,37.3445024207672,-79.8849492607489,37.3961264586063,7.91666666633,7.66666666633,1979.66666633633,1979.91666633633,NA
252,268,3.416666667,-79.1789271902312,38.1699896811455,-78.2000944667497,39.3578850975168,8.33333333413,4.91666666713,1976.91666633713,1980.33333300413,NA
205,206,3.416666667,-80.0380638758803,37.7856777589147,-79.5848484751464,37.4455523406672,9.41666666773,6.00000000073,1977.99999967073,1981.41666633773,NA
179,180,6.833333333,-79.7790156476102,37.7407582650967,-79.8295066685328,37.7013598091957,9.75000000003,2.91666666703,1974.91666633703,1981.74999967003,NA
223,224,4,-79.4120031480834,38.5372004897837,-79.3254383500253,38.7999398468348,10.00000000103,6.00000000103,1977.99999967103,1981.99999967103,NA
237,238,3.583333333,-77.9460727827937,41.4796963979934,-77.8725506622407,41.4698167068142,10.25000000043,6.66666666743,1978.66666633743,1982.24999967043,NA
154,11,2.33333366366996,-79.8849492607489,37.3961264586063,-80.528268089939,37.9866580143458,10.25000033,7.91666666633,1979.91666633633,1982.25,40
153,155,2.666666667,-79.7276820698537,37.3445024207672,-78.6297276573331,36.9476996478329,10.33333333333,7.66666666633,1979.66666633633,1982.33333300333,NA
206,207,1.083333333,-79.5848484751464,37.4455523406672,-80.6817308293809,38.700837810029,10.50000000073,9.41666666773,1981.41666633773,1982.49999967073,NA
207,64,3.29269962406897e-07,-80.6817308293809,38.700837810029,-80.681778,38.700977,10.50000033,10.50000000073,1982.49999967073,1982.5,55
154,12,2.66666666367,-79.8849492607489,37.3961264586063,-79.348688,37.421002,10.58333333,7.91666666633,1979.91666633633,1982.583333,41
237,242,4,-77.9460727827937,41.4796963979934,-77.7002136067488,41.4172306068355,10.66666666743,6.66666666743,1978.66666633743,1982.66666633743,NA
207,63,0.166667329269924,-80.6817308293809,38.700837810029,-81.155532,38.556127,10.6666673299999,10.50000000073,1982.49999967073,1982.666667,54
222,226,6,-79.6862102843031,38.1466658650804,-80.7452075740861,39.6127652396993,10.83333333403,4.83333333403,1976.83333300403,1982.83333300403,NA
145,146,7.75,-79.2651057129117,37.1422856143865,-78.4260060450957,36.233666291289,10.91666666633,3.16666666633,1975.16666633633,1982.91666633633,NA
223,80,4.91666732896993,-79.4120031480834,38.5372004897837,-80.619084,38.800208,10.9166673299999,6.00000000103,1977.99999967103,1982.916667,31
169,170,10.25,-79.7866398696582,37.7153233601669,-80.6071621346232,38.4720770130827,11.00000000003,0.750000000029999,1972.74999967003,1982.99999967003,NA
252,253,6.333333333,-79.1789271902312,38.1699896811455,-78.765375951902,38.0463895067727,11.25000000013,4.91666666713,1976.91666633713,1983.24999967013,NA
226,84,0.416666995969962,-80.7452075740861,39.6127652396993,-80.464199,39.849256,11.25000033,10.83333333403,1982.83333300403,1983.25,59
242,243,0.666666666699999,-77.7002136067488,41.4172306068355,-78.0162822420704,41.231771591669,11.33333333413,10.66666666743,1982.66666633743,1983.33333300413,NA
146,147,0.5,-78.4260060450957,36.233666291289,-78.4775396927817,36.408614556148,11.41666666633,10.91666666633,1982.91666633633,1983.41666633633,NA
155,13,1.08333399666992,-78.6297276573331,36.9476996478329,-78.824241,36.994181,11.4166673299999,10.33333333333,1982.33333300333,1983.416667,53
147,150,0.0833333333299962,-78.4775396927817,36.408614556148,-78.468768821057,36.399889694845,11.49999999966,11.41666666633,1983.41666633633,1983.49999966966,NA
146,3,0.583333663669961,-78.4260060450957,36.233666291289,-78.341259,36.395588,11.50000033,10.91666666633,1982.91666633633,1983.5,60
203,61,4.83333332957,-79.4152235863841,37.5556034929592,-79.060345,37.730032,11.58333333,6.75000000043,1978.74999967043,1983.583333,37
232,233,7.833333333,-79.3020222728199,38.09482261253,-78.8464897294404,38.5760745349836,11.66666666673,3.83333333373,1975.83333300373,1983.66666633673,NA
242,100,1.00000066256992,-77.7002136067488,41.4172306068355,-77.63268,41.518994,11.6666673299999,10.66666666743,1982.66666633743,1983.666667,57
147,148,0.333333333299997,-78.4775396927817,36.408614556148,-78.243464040643,36.2626618536186,11.74999999963,11.41666666633,1983.41666633633,1983.74999966963,NA
180,184,2,-79.8295066685328,37.7013598091957,-79.7320516996382,37.5267834389801,11.75000000003,9.75000000003,1981.74999967003,1983.74999967003,NA
170,171,1,-80.6071621346232,38.4720770130827,-80.6572764322949,38.5441783682325,12.00000000003,11.00000000003,1982.99999967003,1983.99999967003,NA
155,156,1.666666667,-78.6297276573331,36.9476996478329,-78.3653714287465,36.489011825493,12.00000000033,10.33333333333,1982.33333300333,1983.99999967033,NA
148,149,0.416666666700003,-78.243464040643,36.2626618536186,-78.2418029640689,36.1687856821299,12.16666666633,11.74999999963,1983.74999966963,1984.16666633633,NA
184,189,0.5,-79.7320516996382,37.5267834389801,-79.1081145572768,37.496211429944,12.25000000003,11.75000000003,1983.74999967003,1984.24999967003,NA
238,239,2.166666667,-77.8725506622407,41.4698167068142,-79.471060105047,39.9804301779996,12.41666666743,10.25000000043,1982.24999967043,1984.41666633743,NA
243,101,1.08333399586992,-78.0162822420704,41.231771591669,-78.3966832234534,41.3232427277133,12.4166673299999,11.33333333413,1983.33333300413,1984.416667,67
149,6,0.250000663669923,-78.2418029640689,36.1687856821299,-78.290195,36.277941,12.4166673299999,12.16666666633,1984.16666633633,1984.416667,83
205,62,6.58333332927,-80.0380638758803,37.7856777589147,-77.7989315935139,40.5710471817779,12.58333333,6.00000000073,1977.99999967073,1984.583333,32
268,127,4.24999999587,-78.2000944667497,39.3578850975168,-78.3906469652576,41.3244838279021,12.58333333,8.33333333413,1980.33333300413,1984.583333,43
171,175,0.583333333300001,-80.6572764322949,38.5441783682325,-80.6761593306147,38.5165928995413,12.58333333333,12.00000000003,1983.99999967003,1984.58333300333,NA
238,95,2.58333332957,-77.8725506622407,41.4698167068142,-77.962743,41.222999,12.83333333,10.25000000043,1982.24999967043,1984.833333,50
175,176,0.25,-80.6761593306147,38.5165928995413,-80.2046715579118,38.2801968819019,12.83333333333,12.58333333333,1984.58333300333,1984.83333300333,NA
176,177,0.0833333333299997,-80.2046715579118,38.2801968819019,-80.0211320750505,38.3060967303424,12.91666666666,12.83333333333,1984.83333300333,1984.91666633666,NA
239,240,0.583333333300001,-79.471060105047,39.9804301779996,-79.4968804341306,40.0510362893416,13.00000000073,12.41666666743,1984.41666633743,1984.99999967073,NA
184,185,1.333333333,-79.7320516996382,37.5267834389801,-80.1460965091166,37.5908712947343,13.08333333303,11.75000000003,1983.74999967003,1985.08333300303,NA
233,91,1.50000066326993,-78.8464897294404,38.5760745349836,-79.015873,39.862148,13.1666673299999,11.66666666673,1983.66666633673,1985.166667,72
150,7,2.08333333034,-78.468768821057,36.399889694845,-78.447922,36.529562,13.58333333,11.49999999966,1983.49999966966,1985.583333,71
239,96,1.25000066256992,-79.471060105047,39.9804301779996,-80.429456,38.653864,13.6666673299999,12.41666666743,1984.41666633743,1985.666667,86
175,33,1.08333399666992,-80.6761593306147,38.5165928995413,-81.1066534404957,39.1272413966404,13.6666673299999,12.58333333333,1984.58333300333,1985.666667,88
185,186,0.75,-80.1460965091166,37.5908712947343,-80.0296968400522,37.940741756101,13.83333333303,13.08333333303,1985.08333300303,1985.83333300303,NA
189,193,1.666666667,-79.1081145572768,37.496211429944,-79.0641631572533,37.4252458665367,13.91666666703,12.25000000003,1984.24999967003,1985.91666633703,NA
268,269,5.583333333,-78.2000944667497,39.3578850975168,-78.0638193281383,39.4400527507027,13.91666666713,8.33333333413,1980.33333300413,1985.91666633713,NA
189,190,1.75,-79.1081145572768,37.496211429944,-79.1501594814617,37.4326393632932,14.00000000003,12.25000000003,1984.24999967003,1985.99999967003,NA
204,210,8.666666667,-80.0521534971735,37.7751262054981,-79.5878712971022,37.0663275817314,14.33333333443,5.66666666743,1977.66666633743,1986.33333300443,NA
253,256,3.25,-78.765375951902,38.0463895067727,-79.0636414450019,37.6270866686746,14.50000000013,11.25000000013,1983.24999967013,1986.49999967013,NA
170,28,3.58333332997,-80.6071621346232,38.4720770130827,-80.5260220120385,37.9885196764715,14.58333333,11.00000000003,1982.99999967003,1986.583333,63
193,51,0.666666662970002,-79.0641631572533,37.4252458665367,-79.105999,37.415475,14.58333333,13.91666666703,1985.91666633703,1986.583333,102
226,227,3.833333333,-80.7452075740861,39.6127652396993,-80.876466113262,39.5642308712416,14.66666666703,10.83333333403,1982.83333300403,1986.66666633703,NA
171,172,2.666666667,-80.6572764322949,38.5441783682325,-80.7609511352227,38.1537355719078,14.66666666703,12.00000000003,1983.99999967003,1986.66666633703,NA
172,29,6.62969924292156e-07,-80.7609511352227,38.1537355719078,-80.762274,38.154978,14.6666673299999,14.66666666703,1986.66666633703,1986.666667,112
180,181,5,-79.8295066685328,37.7013598091957,-79.5137569281885,37.1948426821424,14.75000000003,9.75000000003,1981.74999967003,1986.74999967003,NA
150,151,3.416666667,-78.468768821057,36.399889694845,-78.5107278461432,36.5322082741903,14.91666666666,11.49999999966,1983.49999966966,1986.91666633666,NA
256,257,0.416666666699999,-79.0636414450019,37.6270866686746,-79.3918032335741,37.3650821858815,14.91666666683,14.50000000013,1986.49999967013,1986.91666633683,NA
149,5,2.75000066366992,-78.2418029640689,36.1687856821299,-77.396993,36.899685,14.9166673299999,12.16666666633,1984.16666633633,1986.916667,82
253,254,3.75,-78.765375951902,38.0463895067727,-78.9513527579958,37.4856279370464,15.00000000013,11.25000000013,1983.24999967013,1986.99999967013,NA
269,270,1.083333333,-78.0638193281383,39.4400527507027,-78.0653419408422,39.6287639707174,15.00000000013,13.91666666713,1985.91666633713,1986.99999967013,NA
151,152,0.166666666699999,-78.5107278461432,36.5322082741903,-78.4820143345837,36.5337931588918,15.08333333336,14.91666666666,1986.91666633666,1987.08333300336,NA
152,9,0.0833339966399258,-78.4820143345837,36.5337931588918,-78.524384,36.533208,15.1666673299999,15.08333333336,1987.08333300336,1987.166667,124
240,241,2.25,-79.4968804341306,40.0510362893416,-80.4843559395871,39.5244301659159,15.25000000073,13.00000000073,1984.99999967073,1987.24999967073,NA
148,4,3.50000033036996,-78.243464040643,36.2626618536186,-78.097144,36.675834,15.25000033,11.74999999963,1983.74999966963,1987.25,76
240,97,2.25000032926996,-79.4968804341306,40.0510362893416,-79.583074,39.999176,15.25000033,13.00000000073,1984.99999967073,1987.25,94
254,111,0.333333329870001,-78.9513527579958,37.4856279370464,-80.216862,37.781888,15.33333333,15.00000000013,1986.99999967013,1987.333333,121
269,271,1.5,-78.0638193281383,39.4400527507027,-77.0146240227795,39.7337487804787,15.41666666713,13.91666666713,1985.91666633713,1987.41666633713,NA
203,60,8.66666732956993,-79.4152235863841,37.5556034929592,-79.199922,37.683414,15.4166673299999,6.75000000043,1978.74999967043,1987.416667,36
241,98,0.250000329269962,-80.4843559395871,39.5244301659159,-80.644185,39.801162,15.50000033,15.25000000073,1987.24999967073,1987.5,126
172,173,1,-80.7609511352227,38.1537355719078,-79.0328099997032,37.3268964170615,15.66666666703,14.66666666703,1986.66666633703,1987.66666633703,NA
145,2,12.5000006636699,-79.2651057129117,37.1422856143865,-79.271719,38.571912,15.6666673299999,3.16666666633,1975.16666633633,1987.666667,13
173,30,6.62969924292156e-07,-79.0328099997032,37.3268964170615,-79.032262,37.326391,15.6666673299999,15.66666666703,1987.66666633703,1987.666667,130
190,47,1.75000032996996,-79.1501594814617,37.4326393632932,-79.073384,37.714397,15.75000033,14.00000000003,1985.99999967003,1987.75,105
210,213,1.583333333,-79.5878712971022,37.0663275817314,-79.3990028310731,37.2810127928902,15.91666666743,14.33333333443,1986.33333300443,1987.91666633743,NA
177,35,3.00000066333993,-80.0211320750505,38.3060967303424,-80.122642,38.433667,15.9166673299999,12.91666666666,1984.91666633666,1987.916667,93
257,263,1.416666667,-79.3918032335741,37.3650821858815,-79.60317649869,37.6185504125398,16.33333333383,14.91666666683,1986.91666633683,1988.33333300383,NA
177,178,3.5,-80.0211320750505,38.3060967303424,-79.1942594846844,37.6066420889223,16.41666666666,12.91666666666,1984.91666633666,1988.41666633666,NA
257,258,1.583333333,-79.3918032335741,37.3650821858815,-79.3294695055645,37.2147229833427,16.49999999983,14.91666666683,1986.91666633683,1988.49999966983,NA
186,187,2.666666667,-80.0296968400522,37.940741756101,-80.2772968926821,38.1696697409513,16.50000000003,13.83333333303,1985.83333300303,1988.49999967003,NA
173,174,0.833333333299997,-79.0328099997032,37.3268964170615,-78.2829523069109,37.1392887787629,16.50000000033,15.66666666703,1987.66666633703,1988.49999967033,NA
263,121,0.166666996169962,-79.60317649869,37.6185504125398,-79.748376,37.374627,16.50000033,16.33333333383,1988.33333300383,1988.5,134
258,115,0.083333330170003,-79.3294695055645,37.2147229833427,-79.3734158546428,37.2524905637272,16.58333333,16.49999999983,1988.49999966983,1988.583333,140
210,211,2.333333333,-79.5878712971022,37.0663275817314,-78.8922533196797,37.1797270772319,16.66666666743,14.33333333443,1986.33333300443,1988.66666633743,NA
176,34,4.08333399666992,-80.2046715579118,38.2801968819019,-77.103598,41.059898,16.9166673299999,12.83333333333,1984.83333300333,1988.916667,90
185,42,3.83333399696993,-80.1460965091166,37.5908712947343,-81.0028667207413,38.679507633247,16.9166673299999,13.08333333303,1985.08333300303,1988.916667,97
193,194,3.083333333,-79.0641631572533,37.4252458665367,-79.1932620294064,37.5246207010264,17.00000000003,13.91666666703,1985.91666633703,1988.99999967003,NA
227,85,2.33333366296996,-80.876466113262,39.5642308712416,-81.169162,39.268128,17.00000033,14.66666666703,1986.66666633703,1989,111
211,68,0.333333662569963,-78.8922533196797,37.1797270772319,-79.002153,37.440567,17.00000033,16.66666666743,1988.66666633743,1989,144
156,157,5.166666667,-78.3653714287465,36.489011825493,-78.7183129038778,35.9071167702157,17.16666666733,12.00000000033,1983.99999967033,1989.16666633733,NA
152,10,2.16666699663996,-78.4820143345837,36.5337931588918,-78.663359,36.592552,17.25000033,15.08333333336,1987.08333300336,1989.25,125
256,114,2.83333332987,-79.0636414450019,37.6270866686746,-78.846446,37.436212,17.33333333,14.50000000013,1986.49999967013,1989.333333,108
194,195,0.333333333300001,-79.1932620294064,37.5246207010264,-78.8530733939174,37.3975015598076,17.33333333333,17.00000000003,1988.99999967003,1989.33333300333,NA
211,212,0.666666666699999,-78.8922533196797,37.1797270772319,-78.8910596602598,37.1547871592843,17.33333333413,16.66666666743,1988.66666633743,1989.33333300413,NA
181,38,2.66666732996993,-79.5137569281885,37.1948426821424,-79.86319,37.390626,17.4166673299999,14.75000000003,1986.74999967003,1989.416667,114
187,43,1.08333332997,-80.2772968926821,38.1696697409513,-80.286304186081,37.7333855089868,17.58333333,16.50000000003,1988.49999967003,1989.583333,138
195,196,0.25,-78.8530733939174,37.3975015598076,-79.3657578148253,37.6289414966568,17.58333333333,17.33333333333,1989.33333300333,1989.58333300333,NA
263,264,1.25,-79.60317649869,37.6185504125398,-79.9671434627561,37.6933481966917,17.58333333383,16.33333333383,1988.33333300383,1989.58333300383,NA
190,191,3.666666667,-79.1501594814617,37.4326393632932,-79.1072118768922,37.816455004186,17.66666666703,14.00000000003,1985.99999967003,1989.66666633703,NA
227,228,3,-80.876466113262,39.5642308712416,-80.8826399748641,40.2423308527962,17.66666666703,14.66666666703,1986.66666633703,1989.66666633703,NA
178,37,1.25000066333993,-79.1942594846844,37.6066420889223,-79.06008,37.55504,17.6666673299999,16.41666666666,1988.41666633666,1989.666667,137
212,70,0.333333995869925,-78.8910596602598,37.1547871592843,-78.872482,37.006052,17.6666673299999,17.33333333413,1989.33333300413,1989.666667,151
191,48,6.62969924292156e-07,-79.1072118768922,37.816455004186,-79.107226,37.816182,17.6666673299999,17.66666666703,1989.66666633703,1989.666667,159
178,36,1.33333366333996,-79.1942594846844,37.6066420889223,-79.390869,37.995398,17.75000033,16.41666666666,1988.41666633666,1989.75,136
212,69,0.583333995869925,-78.8910596602598,37.1547871592843,-79.140406,37.434784,17.9166673299999,17.33333333413,1989.33333300413,1989.916667,150
228,229,0.5,-80.8826399748641,40.2423308527962,-80.6114014246746,39.9259941384339,18.16666666703,17.66666666703,1989.66666633703,1990.16666633703,NA
271,272,2.75,-77.0146240227795,39.7337487804787,-77.1594760725158,39.7051217686976,18.16666666713,15.41666666713,1987.41666633713,1990.16666633713,NA
233,234,6.666666667,-78.8464897294404,38.5760745349836,-78.512574462941,38.6979057337503,18.33333333373,11.66666666673,1983.66666633673,1990.33333300373,NA
258,259,2,-79.3294695055645,37.2147229833427,-80.0497489780347,37.8372314800034,18.49999999983,16.49999999983,1988.49999966983,1990.49999966983,NA
181,182,3.75,-79.5137569281885,37.1948426821424,-78.4739962522733,36.919254048369,18.50000000003,14.75000000003,1986.74999967003,1990.49999967003,NA
228,230,0.833333333300001,-80.8826399748641,40.2423308527962,-78.7712693457064,40.9533525423839,18.50000000033,17.66666666703,1989.66666633703,1990.49999967033,NA
271,130,3.08333366286996,-77.0146240227795,39.7337487804787,-76.8099478279956,39.8345795270126,18.50000033,15.41666666713,1987.41666633713,1990.5,128
272,274,0.5,-77.1594760725158,39.7051217686976,-77.0171527417136,39.825014090719,18.66666666713,18.16666666713,1990.16666633713,1990.66666633713,NA
206,208,9.25,-79.5848484751464,37.4455523406672,-79.473873427736,36.9271290823657,18.66666666773,9.41666666773,1981.41666633773,1990.66666633773,NA
196,52,1.08333399666992,-79.3657578148253,37.6289414966568,-79.097201,37.683363,18.6666673299999,17.58333333333,1989.58333300333,1990.666667,156
259,116,0.166667330169926,-80.0497489780347,37.8372314800034,-80.022637,37.833713,18.6666673299999,18.49999999983,1990.49999966983,1990.666667,171
259,260,0.25,-80.0497489780347,37.8372314800034,-80.0683283287414,37.822270225096,18.74999999983,18.49999999983,1990.49999966983,1990.74999966983,NA
194,198,1.916666667,-79.1932620294064,37.5246207010264,-79.322909655811,37.8203016746726,18.91666666703,17.00000000003,1988.99999967003,1990.91666633703,NA
157,163,1.833333333,-78.7183129038778,35.9071167702157,-78.80678784158,35.9278858274818,19.00000000033,17.16666666733,1989.16666633733,1990.99999967033,NA
213,71,3.16666666257,-79.3990028310731,37.2810127928902,-79.282848,37.204709,19.08333333,15.91666666743,1987.91666633743,1991.083333,132
230,231,0.583333333300001,-78.7712693457064,40.9533525423839,-78.8751079121239,40.9417231713385,19.08333333363,18.50000000033,1990.49999967033,1991.08333300363,NA
163,164,0.166666666699999,-78.80678784158,35.9278858274818,-78.5402507067258,35.9163613679367,19.16666666703,19.00000000033,1990.99999967033,1991.16666633703,NA
195,197,1.916666667,-78.8530733939174,37.3975015598076,-79.0057821982776,37.0147228361411,19.25000000033,17.33333333333,1989.33333300333,1991.24999967033,NA
224,225,9.25,-79.3254383500253,38.7999398468348,-80.9783409409914,38.6909916936162,19.25000000103,10.00000000103,1981.99999967103,1991.24999967103,NA
260,117,0.500000330169964,-80.0683283287414,37.822270225096,-80.27809372697,37.7353612164218,19.25000033,18.74999999983,1990.74999966983,1991.25,178
213,214,3.416666667,-79.3990028310731,37.2810127928902,-79.4314253095348,37.4423095474266,19.33333333443,15.91666666743,1987.91666633743,1991.33333300443,NA
270,128,4.50000032986996,-78.0653419408422,39.6287639707174,-77.600695,39.556217,19.50000033,15.00000000013,1986.99999967013,1991.5,122
197,54,0.333333329670001,-79.0057821982776,37.0147228361411,-78.834584,36.891488,19.58333333,19.25000000033,1991.24999967033,1991.583333,192
225,82,0.333333328970003,-80.9783409409914,38.6909916936162,-81.0030342945485,38.6816149082917,19.58333333,19.25000000103,1991.24999967103,1991.583333,190
260,261,0.916666666699999,-80.0683283287414,37.822270225096,-79.777015974195,37.5651900494007,19.66666666653,18.74999999983,1990.74999966983,1991.66666633653,NA
264,265,2.083333333,-79.9671434627561,37.6933481966917,-79.1041606749252,37.85241813054,19.66666666683,17.58333333383,1989.58333300383,1991.66666633683,NA
198,199,0.75,-79.322909655811,37.8203016746726,-79.4261134206269,38.200857080597,19.66666666703,18.91666666703,1990.91666633703,1991.66666633703,NA
229,87,1.50000066296992,-80.6114014246746,39.9259941384339,-77.3880852441774,41.2896115447478,19.6666673299999,18.16666666703,1990.16666633703,1991.666667,186
214,217,0.5,-79.4314253095348,37.4423095474266,-79.4432799128877,37.452201085375,19.83333333443,19.33333333443,1991.33333300443,1991.83333300443,NA
217,218,0.166666666699999,-79.4432799128877,37.452201085375,-79.4219420110986,37.5319532866739,20.00000000113,19.83333333443,1991.83333300443,1991.99999967113,NA
230,88,1.50000032966996,-78.7712693457064,40.9533525423839,-78.8630706516855,41.0163341809769,20.00000033,18.50000000033,1990.49999967033,1992,172
234,235,1.75,-78.512574462941,38.6979057337503,-78.677821441325,38.1876919037595,20.08333333373,18.33333333373,1990.33333300373,1992.08333300373,NA
199,200,0.416666666699999,-79.4261134206269,38.200857080597,-79.3773018947021,38.2398110539474,20.08333333373,19.66666666703,1991.66666633703,1992.08333300373,NA
199,57,0.583333662969963,-79.4261134206269,38.200857080597,-79.222943,37.971912,20.25000033,19.66666666703,1991.66666633703,1992.25,201
234,92,1.99999999627,-78.512574462941,38.6979057337503,-78.632607,38.950604,20.33333333,18.33333333373,1990.33333300373,1992.333333,166
261,118,0.666666663470004,-79.777015974195,37.5651900494007,-79.551491,37.546557,20.33333333,19.66666666653,1991.66666633653,1992.333333,198
254,255,5.666666667,-78.9513527579958,37.4856279370464,-78.8904515377989,37.205108895566,20.66666666713,15.00000000013,1986.99999967013,1992.66666633713,NA
218,75,0.833333328870001,-79.4219420110986,37.5319532866739,-80.762273,38.154979,20.83333333,20.00000000113,1991.99999967113,1992.833333,204
217,219,1,-79.4432799128877,37.452201085375,-79.216965628324,37.8195022340635,20.83333333443,19.83333333443,1991.83333300443,1992.83333300443,NA
265,266,1.25,-79.1041606749252,37.85241813054,-79.0436288164033,37.739666990222,20.91666666683,19.66666666683,1991.66666633683,1992.91666633683,NA
224,81,10.9166673289699,-79.3254383500253,38.7999398468348,-78.279886,40.431337,20.9166673299999,10.00000000103,1981.99999967103,1992.916667,49
197,55,1.66666732966992,-79.0057821982776,37.0147228361411,-78.729759,36.659413,20.9166673299999,19.25000000033,1991.24999967033,1992.916667,193
264,122,3.41666699616996,-79.9671434627561,37.6933481966917,-80.596238,37.979167,21.00000033,17.58333333383,1989.58333300383,1993,155
198,56,2.16666666297,-79.322909655811,37.8203016746726,-79.136915,37.757062,21.08333333,18.91666666703,1990.91666633703,1993.083333,180
218,76,1.08333332887,-79.4219420110986,37.5319532866739,-79.241063,37.534681,21.08333333,20.00000000113,1991.99999967113,1993.083333,205
231,90,2.08333399636992,-78.8751079121239,40.9417231713385,-78.8602900244926,41.0208796220293,21.1666673299999,19.08333333363,1991.08333300363,1993.166667,185
225,83,1.91666732896993,-80.9783409409914,38.6909916936162,-80.024534,38.250249,21.1666673299999,19.25000000103,1991.24999967103,1993.166667,191
255,112,0.500000662869923,-78.8904515377989,37.205108895566,-79.037683,37.599398,21.1666673299999,20.66666666713,1992.66666633713,1993.166667,210
272,273,3.083333333,-77.1594760725158,39.7051217686976,-77.1289103857199,39.7089768105414,21.25000000013,18.16666666713,1990.16666633713,1993.24999967013,NA
187,44,4.75000032996996,-80.2772968926821,38.1696697409513,-81.1012908104706,39.1356419725302,21.25000033,16.50000000003,1988.49999967003,1993.25,139
174,32,4.83333332967,-78.2829523069109,37.1392887787629,-78.173277,37.448216,21.33333333,16.50000000033,1988.49999967033,1993.333333,143
229,86,3.16666666297,-80.6114014246746,39.9259941384339,-79.874593,40.722035,21.33333333,18.16666666703,1990.16666633703,1993.333333,164
191,192,3.75,-79.1072118768922,37.816455004186,-79.248526549447,37.7994648414878,21.41666666703,17.66666666703,1989.66666633703,1993.41666633703,NA
231,89,2.41666699636996,-78.8751079121239,40.9417231713385,-80.7796494497034,40.0032455938666,21.50000033,19.08333333363,1991.08333300363,1993.5,184
241,99,6.33333332927,-80.4843559395871,39.5244301659159,-80.741561,38.331266,21.58333333,15.25000000073,1987.24999967073,1993.583333,127
266,124,0.666666663170002,-79.0436288164033,37.739666990222,-79.048107,37.622487,21.58333333,20.91666666683,1992.91666633683,1993.583333,215
273,131,0.333333329870005,-77.1289103857199,39.7089768105414,-78.391875,41.326353,21.58333333,21.25000000013,1993.24999967013,1993.583333,216
192,49,0.250000662969924,-79.248526549447,37.7994648414878,-79.058929,37.663566,21.6666673299999,21.41666666703,1993.41666633703,1993.666667,218
274,133,3.16666666287,-77.0171527417136,39.825014090719,-77.3882864497437,41.292191558653,21.83333333,18.66666666713,1990.66666633713,1993.833333,176
243,244,10.58333333,-78.0162822420704,41.231771591669,-78.6547740705318,41.0921471269787,21.91666666413,11.33333333413,1983.33333300413,1993.91666633413,NA
273,132,0.666667329869927,-77.1289103857199,39.7089768105414,-77.008563,39.584248,21.9166673299999,21.25000000013,1993.24999967013,1993.916667,217
244,245,0.166666666699999,-78.6547740705318,41.0921471269787,-78.5188051274914,41.0845192493963,22.08333333083,21.91666666413,1993.91666633413,1994.08333300083,NA
186,188,8.333333333,-80.0296968400522,37.940741756101,-79.9906682282564,37.6509964440807,22.16666666603,13.83333333303,1985.83333300303,1994.16666633603,NA
261,262,2.583333333,-79.777015974195,37.5651900494007,-79.5565709640166,37.3251965459802,22.24999999953,19.66666666653,1991.66666633653,1994.24999966953,NA
270,129,7.25000032986996,-78.0653419408422,39.6287639707174,-78.1531577574349,40.0710243316556,22.25000033,15.00000000013,1986.99999967013,1994.25,123
244,247,0.5,-78.6547740705318,41.0921471269787,-78.4339817087476,41.1264911029774,22.41666666413,21.91666666413,1993.91666633413,1994.41666633413,NA
188,46,0.250000663969924,-79.9906682282564,37.6509964440807,-80.063718,37.545164,22.4166673299999,22.16666666603,1994.16666633603,1994.416667,225
262,120,0.166667330469927,-79.5565709640166,37.3251965459802,-79.421248,37.243546,22.4166673299999,22.24999999953,1994.24999966953,1994.416667,227
200,59,2.49999999627,-79.3773018947021,38.2398110539474,-79.128978,37.808162,22.58333333,20.08333333373,1992.08333300373,1994.583333,209
245,246,0.5,-78.5188051274914,41.0845192493963,-78.6479665218622,41.4646723844021,22.58333333083,22.08333333083,1994.08333300083,1994.58333300083,NA
164,165,3.5,-78.5402507067258,35.9163613679367,-78.5505192644978,35.9896254859411,22.66666666703,19.16666666703,1991.16666633703,1994.66666633703,NA
208,65,4.00000066226993,-79.473873427736,36.9271290823657,-78.60362,35.329447,22.6666673299999,18.66666666773,1990.66666633773,1994.666667,175
164,166,3.75,-78.5402507067258,35.9163613679367,-78.4017970614629,36.0721401365487,22.91666666703,19.16666666703,1991.16666633703,1994.91666633703,NA
196,53,5.33333399666992,-79.3657578148253,37.6289414966568,-79.15228,37.746142,22.9166673299999,17.58333333333,1989.58333300333,1994.916667,157
246,103,0.333333999169927,-78.6479665218622,41.4646723844021,-78.683775,41.413233,22.9166673299999,22.58333333083,1994.58333300083,1994.916667,230
157,158,6.083333333,-78.7183129038778,35.9071167702157,-78.5838004329103,35.6749525071016,23.25000000033,17.16666666733,1989.16666633733,1995.24999967033,NA
163,21,4.25000032966997,-78.80678784158,35.9278858274818,-78.777304,36.510993,23.25000033,19.00000000033,1990.99999967033,1995.25,183
235,93,3.16666699626996,-78.677821441325,38.1876919037595,-78.682425,38.143581,23.25000033,20.08333333373,1992.08333300373,1995.25,206
182,39,4.83333332997,-78.4739962522733,36.919254048369,-77.87048,36.567866,23.33333333,18.50000000003,1990.49999967003,1995.333333,169
158,15,0.0833333296700047,-78.5838004329103,35.6749525071016,-78.4572292020978,35.5784638099438,23.33333333,23.25000000033,1995.24999967033,1995.333333,236
158,159,0.166666666699999,-78.5838004329103,35.6749525071016,-78.5041430282419,35.7228610370976,23.41666666703,23.25000000033,1995.24999967033,1995.41666633703,NA
208,209,4.75,-79.473873427736,36.9271290823657,-80.0250063111337,36.8963820292822,23.41666666773,18.66666666773,1990.66666633773,1995.41666633773,NA
188,45,1.25000066396992,-79.9906682282564,37.6509964440807,-79.102304,37.780383,23.4166673299999,22.16666666603,1994.16666633603,1995.416667,238
209,66,6.62269926010595e-07,-80.0250063111337,36.8963820292822,-80.024803,36.896402,23.4166673299999,23.41666666773,1995.41666633773,1995.416667,240
159,160,0.0833333333299997,-78.5041430282419,35.7228610370976,-78.4578791796803,35.7483933039122,23.50000000036,23.41666666703,1995.41666633703,1995.49999967036,NA
265,123,4.00000066316992,-79.1041606749252,37.85241813054,-79.084937,37.723076,23.6666673299999,19.66666666683,1991.66666633683,1995.666667,197
192,50,2.25000066296992,-79.248526549447,37.7994648414878,-78.949077,37.309193,23.6666673299999,21.41666666703,1993.41666633703,1995.666667,219
165,23,1.08333366296997,-78.5505192644978,35.9896254859411,-78.449683,35.22466,23.75000033,22.66666666703,1994.66666633703,1995.75,233
159,161,0.5,-78.5041430282419,35.7228610370976,-78.502736380152,35.8752737770935,23.91666666703,23.41666666703,1995.41666633703,1995.91666633703,NA
214,215,4.666666667,-79.4314253095348,37.4423095474266,-79.5675958951646,37.6825232740651,24.00000000143,19.33333333443,1991.33333300443,1995.99999967143,NA
245,102,2.08333399916993,-78.5188051274914,41.0845192493963,-77.110786,40.533053,24.1666673299999,22.08333333083,1994.08333300083,1996.166667,222
246,104,1.91666699916997,-78.6479665218622,41.4646723844021,-78.151546313853,40.064771704485,24.50000033,22.58333333083,1994.58333300083,1996.5,231
274,275,6,-77.0171527417136,39.825014090719,-76.4374035837329,38.1468012104236,24.66666666713,18.66666666713,1990.66666633713,1996.66666633713,NA
262,119,2.50000033046997,-79.5565709640166,37.3251965459802,-79.374841692103,37.2495896948242,24.75000033,22.24999999953,1994.24999966953,1996.75,226
247,105,2.41666666587,-78.4339817087476,41.1264911029774,-77.9583198752484,41.2204464509112,24.83333333,22.41666666413,1994.41666633413,1996.833333,228
215,216,0.833333333300001,-79.5675958951646,37.6825232740651,-79.9058560442893,37.6513825443291,24.83333333473,24.00000000143,1995.99999967143,1996.83333300473,NA
182,183,6.416666667,-78.4739962522733,36.919254048369,-78.72578651312,36.9297439311451,24.91666666703,18.50000000003,1990.49999967003,1996.91666633703,NA
151,8,10.0000006633399,-78.5107278461432,36.5322082741903,-78.192792,35.779003,24.9166673299999,14.91666666666,1986.91666633666,1996.916667,116
161,18,1.25000066296993,-78.502736380152,35.8752737770935,-78.566002,35.971759,25.1666673299999,23.91666666703,1995.91666633703,1997.166667,246
235,94,5.16666699626996,-78.677821441325,38.1876919037595,-78.853794,38.192272,25.25000033,20.08333333373,1992.08333300373,1997.25,207
219,77,4.49999999557,-79.216965628324,37.8195022340635,-80.067743,38.920826,25.33333333,20.83333333443,1992.83333300443,1997.333333,213
183,40,0.416666662970002,-78.72578651312,36.9297439311451,-78.845994,36.902703,25.33333333,24.91666666703,1996.91666633703,1997.333333,254
209,67,2.16666666227,-80.0250063111337,36.8963820292822,-79.067781,37.685202,25.58333333,23.41666666773,1995.41666633773,1997.583333,241
215,72,1.58333332857,-79.5675958951646,37.6825232740651,-80.367234,38.037909,25.58333333,24.00000000143,1995.99999967143,1997.583333,248
275,277,1,-76.4374035837329,38.1468012104236,-76.7424682322187,37.7067730887616,25.66666666713,24.66666666713,1996.66666633713,1997.66666633713,NA
160,17,2.33333332964001,-78.4578791796803,35.7483933039122,-78.61354,36.251476,25.83333333,23.50000000036,1995.49999967036,1997.833333,245
216,73,1.16666699526996,-79.9058560442893,37.6513825443291,-79.945284,37.569309,26.00000033,24.83333333473,1996.83333300473,1998,252
200,58,6.24999999627,-79.3773018947021,38.2398110539474,-79.80081,38.42018,26.33333333,20.08333333373,1992.08333300373,1998.333333,208
277,278,0.666666666699999,-76.7424682322187,37.7067730887616,-76.8859959919587,37.6714813176547,26.33333333383,25.66666666713,1997.66666633713,1998.33333300383,NA
278,280,0.0833333333299997,-76.8859959919587,37.6714813176547,-76.8252253828763,37.7455100185038,26.41666666716,26.33333333383,1998.33333300383,1998.41666633716,NA
247,248,4.083333333,-78.4339817087476,41.1264911029774,-78.4065443898782,40.8001001449067,26.49999999713,22.41666666413,1994.41666633413,1998.49999966713,NA
275,276,1.833333333,-76.4374035837329,38.1468012104236,-76.6736787044302,37.7502634231746,26.50000000013,24.66666666713,1996.66666633713,1998.49999967013,NA
156,14,14.75000032967,-78.3653714287465,36.489011825493,-77.759963,35.951834,26.75000033,12.00000000033,1983.99999967033,1998.75,78
276,134,0.333333329870005,-76.6736787044302,37.7502634231746,-76.7591483621128,37.7552801274889,26.83333333,26.50000000013,1998.49999967013,1998.833333,266
278,279,0.666666666699999,-76.8859959919587,37.6714813176547,-76.7642802750582,37.8838476119001,27.00000000053,26.33333333383,1998.33333300383,1998.99999967053,NA
279,138,0.500000329469966,-76.7642802750582,37.8838476119001,-76.898897,37.931071,27.50000033,27.00000000053,1998.99999967053,1999.5,269
279,137,0.583333329470005,-76.7642802750582,37.8838476119001,-76.7615649143357,37.7551887554263,27.58333333,27.00000000053,1998.99999967053,1999.583333,268
277,136,2.16666666287,-76.7424682322187,37.7067730887616,-76.790612,37.645204,27.83333333,25.66666666713,1997.66666633713,1999.833333,257
216,74,3.08333399526992,-79.9058560442893,37.6513825443291,-80.239549,37.657708,27.9166673299999,24.83333333473,1996.83333300473,1999.916667,253
255,113,7.33333366286996,-78.8904515377989,37.205108895566,-78.25907,36.223048,28.00000033,20.66666666713,1992.66666633713,2000,211
248,249,1.583333333,-78.4065443898782,40.8001001449067,-78.4397711352278,40.732710715092,28.08333333013,26.49999999713,1998.49999966713,2000.08333300013,NA
166,167,5.416666667,-78.4017970614629,36.0721401365487,-78.5697075091605,35.7483614644251,28.33333333403,22.91666666703,1994.91666633703,2000.33333300403,NA
280,281,2.166666667,-76.8252253828763,37.7455100185038,-76.8879729816652,37.5460232676298,28.58333333416,26.41666666716,1998.41666633716,2000.58333300416,NA
161,162,4.916666667,-78.502736380152,35.8752737770935,-78.2390624508287,35.7119926535077,28.83333333403,23.91666666703,1995.91666633703,2000.83333300403,NA
248,106,2.83333333287,-78.4065443898782,40.8001001449067,-76.8080369519375,39.8385215320573,29.33333333,26.49999999713,1998.49999966713,2001.333333,264
249,250,1.333333333,-78.4397711352278,40.732710715092,-77.7990149601606,40.5699356405659,29.41666666313,28.08333333013,2000.08333300013,2001.41666633313,NA
250,107,6.66869929943914e-07,-77.7990149601606,40.5699356405659,-77.7990095237914,40.5700410571448,29.4166673299999,29.41666666313,2001.41666633313,2001.416667,280
249,251,1.416666667,-78.4397711352278,40.732710715092,-78.7967448092839,39.5838956837459,29.49999999713,28.08333333013,2000.08333300013,2001.49999966713,NA
162,19,0.916666995969965,-78.2390624508287,35.7119926535077,-78.457298,35.389447,29.75000033,28.83333333403,2000.83333300403,2001.75,278
266,267,8.916666667,-79.0436288164033,37.739666990222,-80.3441297525074,39.8282464517274,29.83333333383,20.91666666683,1992.91666633683,2001.83333300383,NA
219,220,9.083333333,-79.216965628324,37.8195022340635,-78.3284794459618,41.0946644372033,29.91666666743,20.83333333443,1992.83333300443,2001.91666633743,NA
162,20,1.33333399596993,-78.2390624508287,35.7119926535077,-78.4550373807009,35.5784680514436,30.1666673299999,28.83333333403,2000.83333300403,2002.166667,279
267,126,0.416666996169965,-80.3441297525074,39.8282464517274,-80.464198,39.849255,30.25000033,29.83333333383,2001.83333300383,2002.25,285
267,125,0.499999996170004,-80.3441297525074,39.8282464517274,-80.7754057175592,40.0008585734006,30.33333333,29.83333333383,2001.83333300383,2002.333333,284
167,168,2.083333333,-78.5697075091605,35.7483614644251,-78.2096219671048,35.6385156900239,30.41666666703,28.33333333403,2000.33333300403,2002.41666633703,NA
281,140,2.08333399583993,-76.8879729816652,37.5460232676298,-77.013189,37.466408,30.6666673299999,28.58333333416,2000.58333300416,2002.666667,274
220,78,0.750000662569924,-78.3284794459618,41.0946644372033,-77.3947076510642,41.2903919893291,30.6666673299999,29.91666666743,2001.91666633743,2002.666667,286
220,79,0.750000662569924,-78.3284794459618,41.0946644372033,-78.3932448517223,41.3299699112798,30.6666673299999,29.91666666743,2001.91666633743,2002.666667,287
281,141,2.24999999584,-76.8879729816652,37.5460232676298,-76.867581,37.57124,30.83333333,28.58333333416,2000.58333300416,2002.833333,275
165,22,8.25000066296993,-78.5505192644978,35.9896254859411,-78.450325,36.093736,30.9166673299999,22.66666666703,1994.66666633703,2002.916667,232
251,110,1.41666733286993,-78.7967448092839,39.5838956837459,-79.026148,39.433782,30.9166673299999,29.49999999713,2001.49999966713,2002.916667,283
183,41,6.16666666297,-78.72578651312,36.9297439311451,-78.599321,36.186225,31.08333333,24.91666666703,1996.91666633703,2003.083333,255
276,135,5.33333332987,-76.6736787044302,37.7502634231746,-76.720193,37.454668,31.83333333,26.50000000013,1998.49999967013,2003.833333,277
168,26,1.66666666297,-78.2096219671048,35.6385156900239,-77.805373,36.180396,32.08333333,30.41666666703,2002.41666633703,2004.083333,290
166,24,9.33333366296997,-78.4017970614629,36.0721401365487,-78.464463,35.021287,32.25000033,22.91666666703,1994.91666633703,2004.25,301
174,31,15.9166673296699,-78.2829523069109,37.1392887787629,-76.815607,37.60166,32.4166673299999,16.50000000033,1988.49999967033,2004.416667,142
280,139,6.00000066283993,-76.8252253828763,37.7455100185038,-76.93491,37.005001,32.4166673299999,26.41666666716,1998.41666633716,2004.416667,298
250,108,3.00000066686993,-77.7990149601606,40.5699356405659,-77.966294743574,41.2187243137545,32.4166673299999,29.41666666313,2001.41666633313,2004.416667,281
251,109,3.00000033286997,-78.7967448092839,39.5838956837459,-79.453439,39.600197,32.50000033,29.49999999713,2001.49999966713,2004.5,302
160,16,9.16666732963993,-78.4578791796803,35.7483933039122,-78.559597,35.494321,32.6666673299999,23.50000000036,1995.49999967036,2004.666667,296
167,25,4.33333399596993,-78.5697075091605,35.7483614644251,-78.580452,35.965848,32.6666673299999,28.33333333403,2000.33333300403,2004.666667,289
168,27,2.28333366297001,-78.2096219671048,35.6385156900239,-78.152412,35.629921,32.70000033,30.41666666703,2002.41666633703,2004.7,291
