node1,node2,length,startLon,startLat,endLon,endLat,endNodeL,startNodeL,startYear,endYear,tipLabel
196,197,6.416666667,-77.8371015129181,39.0272453231668,-77.9224210812463,39.1513380279942,6.416666667,0,1971.999999999,1978.416666666,NA
196,200,0.25,-77.8371015129181,39.0272453231668,-77.8616381384366,39.0130286919263,0.25,0,1971.999999999,1972.249999999,NA
200,282,1.166666667,-77.8616381384366,39.0130286919263,-78.0469039221385,39.0340585070305,1.416666667,0.25,1972.249999999,1973.416666666,NA
282,283,0.416666666699999,-78.0469039221385,39.0340585070305,-78.0526838408041,39.0753412788719,1.8333333337,1.416666667,1973.416666666,1973.8333333327,NA
283,303,1.166666667,-78.0526838408041,39.0753412788719,-78.0737906949271,39.2080772952021,3.0000000007,1.8333333337,1973.8333333327,1974.9999999997,NA
200,201,3.416666667,-77.8616381384366,39.0130286919263,-77.5832639542365,38.2464744314332,3.666666667,0.25,1972.249999999,1975.666666666,NA
282,321,2.5,-78.0469039221385,39.0340585070305,-77.9448285550556,38.846889300219,3.916666667,1.416666667,1973.416666666,1975.916666666,NA
283,284,2.166666667,-78.0526838408041,39.0753412788719,-77.6477207145064,38.1356191395593,4.0000000007,1.8333333337,1973.8333333327,1975.9999999997,NA
201,234,0.75,-77.5832639542365,38.2464744314332,-77.6175491947645,37.9390481841776,4.416666667,3.666666667,1975.666666666,1976.416666666,NA
321,322,0.666666666699999,-77.9448285550556,38.846889300219,-78.2571454871724,39.4676511661133,4.5833333337,3.916666667,1975.916666666,1976.5833333327,NA
234,235,1.25,-77.6175491947645,37.9390481841776,-78.1662060441644,38.4839359874315,5.666666667,4.416666667,1976.416666666,1977.666666666,NA
284,285,2,-77.6477207145064,38.1356191395593,-77.6472842271601,37.2550629063937,6.0000000007,4.0000000007,1975.9999999997,1977.9999999997,NA
285,288,0.583333333300001,-77.6472842271601,37.2550629063937,-77.5351200177047,37.7218385574075,6.583333334,6.0000000007,1977.9999999997,1978.583333333,NA
234,239,2.25,-77.6175491947645,37.9390481841776,-77.6414200757578,37.8285973992497,6.666666667,4.416666667,1976.416666666,1978.666666666,NA
321,332,3.416666667,-77.9448285550556,38.846889300219,-78.01422768301,37.7736615205892,7.33333333400001,3.916666667,1975.916666666,1979.333333333,NA
284,294,3.583333333,-77.6477207145064,38.1356191395593,-78.1008915945396,38.0925540722608,7.5833333337,4.0000000007,1975.9999999997,1979.5833333327,NA
303,304,4.833333333,-78.0737906949271,39.2080772952021,-78.2407947506849,39.361658790435,7.8333333337,3.0000000007,1974.9999999997,1979.8333333327,NA
235,236,2.416666667,-78.1662060441644,38.4839359874315,-79.3354838973084,40.4926664683999,8.083333334,5.666666667,1977.666666666,1980.083333333,NA
332,333,0.75,-78.01422768301,37.7736615205892,-78.0028019759474,37.771188971379,8.08333333400001,7.33333333400001,1979.333333333,1980.083333333,NA
201,202,4.583333333,-77.5832639542365,38.2464744314332,-77.8084086220762,38.1856417110227,8.25,3.666666667,1975.666666666,1980.249999999,NA
202,204,0.333333333300001,-77.8084086220762,38.1856417110227,-78.07790382468,38.5310589379371,8.5833333333,8.25,1980.249999999,1980.5833333323,NA
197,198,2.166666667,-77.9224210812463,39.1513380279942,-77.5076324328294,39.286942804203,8.58333333400001,6.416666667,1978.416666666,1980.583333333,NA
333,334,0.75,-78.0028019759474,37.771188971379,-77.9996039282594,38.2230870528352,8.83333333400001,8.08333333400001,1980.083333333,1980.833333333,NA
288,289,2.5,-77.5351200177047,37.7218385574075,-77.4983786478656,37.6084527694309,9.083333334,6.583333334,1978.583333333,1981.083333333,NA
333,346,1.166666667,-78.0028019759474,37.771188971379,-78.4390868896847,37.2917647954822,9.250000001,8.08333333400001,1980.083333333,1981.25,NA
197,199,3,-77.9224210812463,39.1513380279942,-77.8401012061582,39.2491378086089,9.416666667,6.416666667,1978.416666666,1981.416666666,NA
322,323,5.083333333,-78.2571454871724,39.4676511661133,-79.0744115332075,40.1546000044918,9.6666666667,4.5833333337,1976.5833333327,1981.6666666657,NA
204,205,1.25,-78.07790382468,38.5310589379371,-78.5555520620629,38.2867708903408,9.8333333333,8.5833333333,1980.5833333323,1981.8333333323,NA
304,305,2,-78.2407947506849,39.361658790435,-79.3772199385644,40.8850279953881,9.8333333337,7.8333333337,1979.8333333327,1981.8333333327,NA
334,338,1.25,-77.9996039282594,38.2230870528352,-77.9289211182163,37.9369925060718,10.083333334,8.83333333400001,1980.833333333,1982.083333333,NA
338,339,0.0833333333299962,-77.9289211182163,37.9369925060718,-77.9471441107275,37.9888661248905,10.16666666733,10.083333334,1982.083333333,1982.16666666633,NA
346,355,1,-78.4390868896847,37.2917647954822,-78.44854147986,37.397711656675,10.250000001,9.250000001,1981.25,1982.25,NA
338,142,0.166666666999998,-77.9289211182163,37.9369925060718,-77.948798,37.856912,10.250000001,10.083333334,1982.083333333,1982.25,62
198,1,1.916666667,-77.5076324328294,39.286942804203,-77.698237,39.859996,10.500000001,8.58333333400001,1980.583333333,1982.5,44
205,7,0.6666666677,-78.5555520620629,38.2867708903408,-78.4848563579207,38.2434338719109,10.500000001,9.8333333333,1981.8333333323,1982.5,60
294,97,3.4166666673,-78.1008915945396,38.0925540722608,-77.8047102837142,38.0561002010248,11.000000001,7.5833333337,1979.5833333327,1983,34
355,369,0.833333333300001,-78.44854147986,37.397711656675,-78.4317368763447,37.308624261363,11.0833333343,10.250000001,1982.25,1983.0833333333,NA
204,211,2.666666667,-78.07790382468,38.5310589379371,-78.2837429827926,38.4536882185416,11.2500000003,8.5833333333,1980.5833333323,1983.2499999993,NA
332,137,3.916666667,-78.01422768301,37.7736615205892,-79.19417,38.100955,11.250000001,7.33333333400001,1979.333333333,1983.25,32
339,143,1.08333333367,-77.9471441107275,37.9888661248905,-77.907975,38.643576,11.250000001,10.16666666733,1982.16666666633,1983.25,65
322,126,6.74999966730004,-78.2571454871724,39.4676511661133,-78.0874727582893,39.8950104119034,11.333333001,4.5833333337,1976.5833333327,1983.333333,21
369,174,0.249999666700038,-78.4317368763447,37.308624261363,-78.32737,37.442899,11.333333001,11.0833333343,1983.0833333333,1983.333333,68
334,335,2.5,-77.9996039282594,38.2230870528352,-78.3097429535546,38.6376501028981,11.333333334,8.83333333400001,1980.833333333,1983.333333333,NA
346,347,2.083333333,-78.4390868896847,37.2917647954822,-78.0998551199914,37.0502103045892,11.333333334,9.250000001,1981.25,1983.333333333,NA
355,356,1.083333333,-78.44854147986,37.397711656675,-78.5255978176235,37.4013133878324,11.333333334,10.250000001,1982.25,1983.333333333,NA
339,340,1.333333333,-77.9471441107275,37.9888661248905,-77.9352192185382,37.6767205173283,11.50000000033,10.16666666733,1982.16666666633,1983.49999999933,NA
347,151,0.249999667000036,-78.0998551199914,37.0502103045892,-78.214262,36.939443,11.583333001,11.333333334,1983.333333333,1983.583333,74
294,295,4.083333333,-78.1008915945396,38.0925540722608,-78.3261732774777,38.3045921420816,11.6666666667,7.5833333337,1979.5833333327,1983.6666666657,NA
239,253,5,-77.6414200757578,37.8285973992497,-78.1529769637868,38.0627762811715,11.666666667,6.666666667,1978.666666666,1983.666666666,NA
305,108,1.9166666673,-79.3772199385644,40.8850279953881,-79.4955616389978,40.8243394702374,11.750000001,9.8333333337,1981.8333333327,1983.75,58
323,127,2.16666633430004,-79.0744115332075,40.1546000044918,-80.379307,40.732109,11.833333001,9.6666666667,1981.6666666657,1983.833333,56
236,237,3.833333333,-79.3354838973084,40.4926664683999,-78.9045863933161,40.4882398685446,11.916666667,8.083333334,1980.083333333,1983.916666666,NA
335,138,0.583333666999959,-78.3097429535546,38.6376501028981,-78.065708,38.444822,11.916667001,11.333333334,1983.333333333,1983.916667,72
202,203,3.833333333,-77.8084086220762,38.1856417110227,-77.3592016314104,35.5183115181567,12.083333333,8.25,1980.249999999,1984.083333332,NA
295,296,0.5,-78.3261732774777,38.3045921420816,-78.122581705076,38.363837866095,12.1666666667,11.6666666667,1983.6666666657,1984.1666666657,NA
239,240,5.5,-77.6414200757578,37.8285973992497,-77.3743791557152,38.2029408045715,12.166666667,6.666666667,1978.666666666,1984.166666666,NA
285,286,6.166666667,-77.6472842271601,37.2550629063937,-78.2601024653447,36.6406307206349,12.1666666677,6.0000000007,1977.9999999997,1984.1666666667,NA
211,14,0.916667000699963,-78.2837429827926,38.4536882185416,-78.4146443218527,38.8525485204226,12.166667001,11.2500000003,1983.2499999993,1984.166667,70
198,2,3.74999966700004,-77.5076324328294,39.286942804203,-79.44689,40.476564,12.333333001,8.58333333400001,1980.583333333,1984.333333,45
335,336,1,-78.3097429535546,38.6376501028981,-78.3314886327278,38.4340003058573,12.333333334,11.333333334,1983.333333333,1984.333333333,NA
205,206,2.583333333,-78.5555520620629,38.2867708903408,-78.8394080851467,37.5270151099035,12.4166666663,9.8333333333,1981.8333333323,1984.4166666653,NA
237,238,0.666666666699996,-78.9045863933161,40.4882398685446,-78.8611268886866,40.4122118687016,12.5833333337,11.916666667,1983.916666666,1984.5833333327,NA
240,241,0.5,-77.3743791557152,38.2029408045715,-77.4774571528122,38.3770902063936,12.666666667,12.166666667,1984.166666666,1984.666666666,NA
296,299,0.583333333300001,-78.122581705076,38.363837866095,-77.7191783657834,38.525837074328,12.75,12.1666666667,1984.1666666657,1984.749999999,NA
299,300,0.0833333333299997,-77.7191783657834,38.525837074328,-77.6838321313176,38.59688429592,12.83333333333,12.75,1984.749999999,1984.83333333233,NA
347,348,1.583333333,-78.0998551199914,37.0502103045892,-77.9094579210026,37.3198060396459,12.916666667,11.333333334,1983.333333333,1984.916666666,NA
304,107,5.24999966730004,-78.2407947506849,39.361658790435,-78.194006,39.554266,13.083333001,7.8333333337,1979.8333333327,1985.083333,36
203,6,0.99999966800004,-77.3592016314104,35.5183115181567,-77.18061,35.538235,13.083333001,12.083333333,1984.083333332,1985.083333,87
369,370,2,-78.4317368763447,37.308624261363,-78.4661175776882,37.3256492316288,13.0833333343,11.0833333343,1983.0833333333,1985.0833333333,NA
235,38,7.50000033399996,-78.1662060441644,38.4839359874315,-78.239538935402,38.2407831171417,13.166667001,5.666666667,1977.666666666,1985.166667,23
286,87,1.00000033329996,-78.2601024653447,36.6406307206349,-78.400717,36.435377,13.166667001,12.1666666677,1984.1666666667,1985.166667,88
240,246,1.083333333,-77.3743791557152,38.2029408045715,-77.4080772036193,38.2141664768455,13.25,12.166666667,1984.166666666,1985.249999999,NA
286,287,1.166666667,-78.2601024653447,36.6406307206349,-78.3489944494835,36.6771958827592,13.3333333347,12.1666666677,1984.1666666667,1985.3333333337,NA
370,371,0.333333333300001,-78.4661175776882,37.3256492316288,-78.033480904458,38.93634115969,13.4166666676,13.0833333343,1985.0833333333,1985.4166666666,NA
348,152,0.583333333999999,-77.9094579210026,37.3198060396459,-77.8049374069525,38.0533293273964,13.500000001,12.916666667,1984.916666666,1985.5,106
323,324,4.083333333,-79.0744115332075,40.1546000044918,-78.9410454878174,39.3503150277736,13.7499999997,9.6666666667,1981.6666666657,1985.7499999987,NA
246,247,0.75,-77.4080772036193,38.2141664768455,-77.3777111198239,38.4265819753981,14,13.25,1985.249999999,1985.999999999,NA
336,139,1.666666667,-78.3314886327278,38.4340003058573,-78.0358673572417,38.2453334674525,14.000000001,12.333333334,1984.333333333,1986,94
287,89,0.666666666299999,-78.3489944494835,36.6771958827592,-78.5506311096942,37.4636066808719,14.000000001,13.3333333347,1985.3333333337,1986,113
203,5,1.99999966800004,-77.3592016314104,35.5183115181567,-78.521078,35.125274,14.083333001,12.083333333,1984.083333332,1986.083333,86
238,42,1.49999966730004,-78.8611268886866,40.4122118687016,-78.489132423211,40.2993280694773,14.083333001,12.5833333337,1984.5833333327,1986.083333,99
253,262,2.5,-78.1529769637868,38.0627762811715,-78.8023553171101,37.6458144992843,14.166666667,11.666666667,1983.666666666,1986.166666666,NA
340,341,2.75,-77.9352192185382,37.6767205173283,-77.9784016987492,37.6390140190772,14.25000000033,11.50000000033,1983.49999999933,1986.24999999933,NA
303,306,11.33333333,-78.0737906949271,39.2080772952021,-77.240200416907,39.6064350999695,14.3333333307,3.0000000007,1974.9999999997,1986.3333333297,NA
238,41,1.83333366729996,-78.8611268886866,40.4122118687016,-78.486456,39.738695,14.416667001,12.5833333337,1984.5833333327,1986.416667,98
306,307,0.166666666699999,-77.240200416907,39.6064350999695,-77.2575818166565,39.421585435254,14.4999999974,14.3333333307,1986.3333333297,1986.4999999964,NA
356,160,3.166666667,-78.5255978176235,37.4013133878324,-77.387027,37.869049,14.500000001,11.333333334,1983.333333333,1986.5,76
288,290,8,-77.5351200177047,37.7218385574075,-78.4070162809593,38.68197538361,14.583333334,6.583333334,1978.583333333,1986.583333333,NA
206,207,2.416666667,-78.8394080851467,37.5270151099035,-79.6291974688888,38.0653490893548,14.8333333333,12.4166666663,1984.4166666653,1986.8333333323,NA
262,263,0.666666666699996,-78.8023553171101,37.6458144992843,-79.0425005347817,37.6489247142419,14.8333333337,14.166666667,1986.166666666,1986.8333333327,NA
356,357,3.5,-78.5255978176235,37.4013133878324,-79.5489866486723,38.1475522335803,14.833333334,11.333333334,1983.333333333,1986.833333333,NA
300,301,2.083333333,-77.6838321313176,38.59688429592,-77.8987273802956,35.7332773166839,14.91666666633,12.83333333333,1984.83333333233,1986.91666666533,NA
289,91,5.83333366699996,-77.4983786478656,37.6084527694309,-75.5183,39.879345,14.916667001,9.083333334,1981.083333333,1986.916667,51
306,110,0.583333670299961,-77.240200416907,39.6064350999695,-77.3292595093077,39.6538178517373,14.916667001,14.3333333307,1986.3333333297,1986.916667,124
336,337,2.666666667,-78.3314886327278,38.4340003058573,-78.3510422810677,38.831158872976,15.000000001,12.333333334,1984.333333333,1987,NA
337,141,0.0833330000000387,-78.3510422810677,38.831158872976,-78.4170964781042,38.8574652105905,15.083333001,15.000000001,1987,1987.083333,139
211,212,3.833333333,-78.2837429827926,38.4536882185416,-78.6342815088338,38.1588137329292,15.0833333333,11.2500000003,1983.2499999993,1987.0833333323,NA
307,308,0.666666666699999,-77.2575818166565,39.421585435254,-77.3212786258576,39.5281519085726,15.1666666641,14.4999999974,1986.4999999964,1987.1666666631,NA
307,315,0.666666666699999,-77.2575818166565,39.421585435254,-77.1771422082488,39.3585840206498,15.1666666641,14.4999999974,1986.4999999964,1987.1666666631,NA
340,343,3.75,-77.9352192185382,37.6767205173283,-77.9718217573889,37.6061628879347,15.25000000033,11.50000000033,1983.49999999933,1987.24999999933,NA
305,109,5.4166666673,-79.3772199385644,40.8850279953881,-78.683187,40.899296,15.250000001,9.8333333337,1981.8333333327,1987.25,59
300,103,2.41666666767,-77.6838321313176,38.59688429592,-77.642168,38.253633,15.250000001,12.83333333333,1984.83333333233,1987.25,104
341,342,1.083333333,-77.9784016987492,37.6390140190772,-78.4393989121624,38.1728908652208,15.33333333333,14.25000000033,1986.24999999933,1987.33333333233,NA
289,90,6.33333366699996,-77.4983786478656,37.6084527694309,-77.551364,37.496379,15.416667001,9.083333334,1981.083333333,1987.416667,50
342,145,0.249999667670036,-78.4393989121624,38.1728908652208,-78.4776437794162,38.2400644005294,15.583333001,15.33333333333,1987.33333333233,1987.583333,148
253,254,4.25,-78.1529769637868,38.0627762811715,-78.1888450864632,37.8832919053605,15.916666667,11.666666667,1983.666666666,1987.916666666,NA
247,49,2.000000001,-77.3777111198239,38.4265819753981,-77.531181,38.654283,16.000000001,14,1985.999999999,1988,119
341,144,1.83333300067004,-77.9784016987492,37.6390140190772,-77.9785523529446,37.2593610447806,16.083333001,14.25000000033,1986.24999999933,1988.083333,122
212,221,1,-78.6342815088338,38.1588137329292,-78.7942966189597,38.0831266463786,16.0833333333,15.0833333333,1987.0833333323,1988.0833333323,NA
241,242,3.5,-77.4774571528122,38.3770902063936,-77.4083047799006,38.4642595881392,16.166666667,12.666666667,1984.666666666,1988.166666666,NA
295,98,4.50000033429996,-78.3261732774777,38.3045921420816,-77.354126,39.825355,16.166667001,11.6666666667,1983.6666666657,1988.166667,83
343,147,0.91666700066996,-77.9718217573889,37.6061628879347,-77.718167,38.648759,16.166667001,15.25000000033,1987.24999999933,1988.166667,147
287,88,2.9166666663,-78.3489944494835,36.6771958827592,-77.88601,37.116074,16.250000001,13.3333333347,1985.3333333337,1988.25,112
315,316,1.166666667,-77.1771422082488,39.3585840206498,-76.255196628826,39.18451670604,16.3333333311,15.1666666641,1987.1666666631,1988.3333333301,NA
262,267,2.166666667,-78.8023553171101,37.6458144992843,-78.8810991631501,37.617925582689,16.333333334,14.166666667,1986.166666666,1988.333333333,NA
371,372,2.916666667,-78.033480904458,38.93634115969,-78.023815813312,39.1240920250875,16.3333333346,13.4166666676,1985.4166666666,1988.3333333336,NA
308,309,1.25,-77.3212786258576,39.5281519085726,-76.7143529270547,40.1230445129103,16.4166666641,15.1666666641,1987.1666666631,1988.4166666631,NA
371,176,3.0833333334,-78.033480904458,38.93634115969,-78.255467,39.047452,16.500000001,13.4166666676,1985.4166666666,1988.5,114
324,325,3,-78.9410454878174,39.3503150277736,-78.7220133763395,39.5116243649753,16.7499999997,13.7499999997,1985.7499999987,1988.7499999987,NA
207,208,2.333333333,-79.6291974688888,38.0653490893548,-80.2568586795099,38.673248133531,17.1666666663,14.8333333333,1986.8333333323,1989.1666666653,NA
242,244,1,-77.4083047799006,38.4642595881392,-77.2047574843843,38.3769035233678,17.166666667,16.166666667,1988.166666666,1989.166666666,NA
267,269,0.833333333300001,-78.8810991631501,37.617925582689,-78.8949275543283,37.6661945783059,17.1666666673,16.333333334,1988.333333333,1989.1666666663,NA
309,310,0.833333333300001,-76.7143529270547,40.1230445129103,-76.4752471682615,39.964132218456,17.2499999974,16.4166666641,1988.4166666631,1989.2499999964,NA
242,243,1.083333333,-77.4083047799006,38.4642595881392,-77.293155680478,38.3974438932592,17.25,16.166666667,1988.166666666,1989.249999999,NA
236,39,9.166666667,-79.3354838973084,40.4926664683999,-80.147555,40.19148,17.250000001,8.083333334,1980.083333333,1989.25,39
370,175,4.1666666667,-78.4661175776882,37.3256492316288,-77.742204,37.6548,17.250000001,13.0833333343,1985.0833333333,1989.25,109
325,129,0.583333001300041,-78.7220133763395,39.5116243649753,-80.262795,39.291092,17.333333001,16.7499999997,1988.7499999987,1989.333333,165
221,224,1.25,-78.7942966189597,38.0831266463786,-78.8105548931555,38.9114936731684,17.3333333333,16.0833333333,1988.0833333323,1989.3333333323,NA
290,292,2.75,-78.4070162809593,38.68197538361,-78.290613700868,38.5462438593705,17.333333334,14.583333334,1986.583333333,1989.333333333,NA
267,268,1,-78.8810991631501,37.617925582689,-78.8116512751734,37.0745172843626,17.333333334,16.333333334,1988.333333333,1989.333333333,NA
224,226,0.0833333333299997,-78.8105548931555,38.9114936731684,-78.7705487214289,38.7273769971395,17.41666666663,17.3333333333,1989.3333333323,1989.41666666563,NA
309,111,1.0833333369,-76.7143529270547,40.1230445129103,-77.950582,40.072375,17.500000001,16.4166666641,1988.4166666631,1989.5,162
246,249,4.333333333,-77.4080772036193,38.2141664768455,-78.3922963066229,38.5240424301266,17.583333333,13.25,1985.249999999,1989.583333332,NA
221,222,1.5,-78.7942966189597,38.0831266463786,-77.268959724347,38.1453064907078,17.5833333333,16.0833333333,1988.0833333323,1989.5833333323,NA
348,349,4.666666667,-77.9094579210026,37.3198060396459,-77.8577760176705,37.0349621750848,17.583333334,12.916666667,1984.916666666,1989.583333333,NA
316,318,1.333333333,-76.255196628826,39.18451670604,-76.3160172198564,38.8716694774842,17.6666666641,16.3333333311,1988.3333333301,1989.6666666631,NA
199,4,8.25000033399996,-77.8401012061582,39.2491378086089,-76.938937,38.254973,17.666667001,9.416666667,1981.416666666,1989.666667,55
342,146,2.33333366766996,-78.4393989121624,38.1728908652208,-78.522174,39.222003,17.666667001,15.33333333333,1987.33333333233,1989.666667,149
254,57,1.833333334,-78.1888450864632,37.8832919053605,-78.094899,37.630825,17.750000001,15.916666667,1987.916666666,1989.75,150
269,73,0.666666333700039,-78.8949275543283,37.6661945783059,-79.590731,37.126534,17.833333001,17.1666666673,1989.1666666663,1989.833333,171
226,227,0.5,-78.7705487214289,38.7273769971395,-78.7820722829303,38.7438349649488,17.91666666663,17.41666666663,1989.41666666563,1989.91666666563,NA
244,245,0.75,-77.2047574843843,38.3769035233678,-77.4125687885346,38.6707503115375,17.916666667,17.166666667,1989.166666666,1989.916666666,NA
199,3,8.75000033399996,-77.8401012061582,39.2491378086089,-78.4902842837648,40.3070250833787,18.166667001,9.416666667,1981.416666666,1990.166667,54
263,66,3.33333366729996,-79.0425005347817,37.6489247142419,-79.009842,37.487137,18.166667001,14.8333333337,1986.8333333327,1990.166667,134
337,140,3.25,-78.3510422810677,38.831158872976,-78.1175045567201,38.6488111975201,18.250000001,15.000000001,1987,1990.25,138
208,9,1.0833333347,-80.2568586795099,38.673248133531,-80.119632,38.658314,18.250000001,17.1666666663,1989.1666666653,1990.25,166
227,30,0.416666334370039,-78.7820722829303,38.7438349649488,-78.862845,38.666704,18.333333001,17.91666666663,1989.91666666563,1990.333333,195
357,358,3.5,-79.5489866486723,38.1475522335803,-79.64924877531,37.9620624798441,18.333333334,14.833333334,1986.833333333,1990.333333333,NA
372,373,2.083333333,-78.023815813312,39.1240920250875,-78.3420653637444,38.6204459930152,18.4166666676,16.3333333346,1988.3333333336,1990.4166666666,NA
372,380,2.166666667,-78.023815813312,39.1240920250875,-79.1608781998896,38.2776350140917,18.5000000016,16.3333333346,1988.3333333336,1990.5000000006,NA
290,291,4.083333333,-78.4070162809593,38.68197538361,-79.1379334460575,38.694735870287,18.666666667,14.583333334,1986.583333333,1990.666666666,NA
237,40,6.75000033399996,-78.9045863933161,40.4882398685446,-79.4968778601271,40.8217165011191,18.666667001,11.916666667,1983.916666666,1990.666667,85
268,72,1.33333366699996,-78.8116512751734,37.0745172843626,-79.016409,35.980324,18.666667001,17.333333334,1989.333333333,1990.666667,181
308,311,3.583333333,-77.3212786258576,39.5281519085726,-77.4432633482469,39.5081377539399,18.7499999971,15.1666666641,1987.1666666631,1990.7499999961,NA
291,93,0.0833333340000024,-79.1379334460575,38.694735870287,-79.1296032621885,38.6906691733106,18.750000001,18.666666667,1990.666666666,1990.75,203
241,43,6.16666633400004,-77.4774571528122,38.3770902063936,-78.1247886338986,38.6441153429779,18.833333001,12.666666667,1984.666666666,1990.833333,100
244,46,1.66666633400004,-77.2047574843843,38.3769035233678,-76.76456,39.963923,18.833333001,17.166666667,1989.166666666,1990.833333,168
222,223,1.25,-77.268959724347,38.1453064907078,-77.3360817216782,36.5812246538166,18.8333333333,17.5833333333,1989.5833333323,1990.8333333323,NA
245,47,1.00000033399996,-77.4125687885346,38.6707503115375,-76.256166,38.772374,18.916667001,17.916666667,1989.916666666,1990.916667,192
311,312,0.416666666699999,-77.4432633482469,39.5081377539399,-77.4597961293599,39.6445432598776,19.1666666638,18.7499999971,1990.7499999961,1991.1666666628,NA
380,381,0.666666666699999,-79.1608781998896,38.2776350140917,-79.0850155177768,38.2618070886089,19.1666666683,18.5000000016,1990.5000000006,1991.1666666673,NA
223,26,0.333333667699961,-77.3360817216782,36.5812246538166,-77.494502,36.01831,19.166667001,18.8333333333,1990.8333333323,1991.166667,207
358,359,0.916666666699999,-79.64924877531,37.9620624798441,-79.3775519980683,37.6530221885632,19.2500000007,18.333333334,1990.333333333,1991.2499999997,NA
226,29,1.91666633437004,-78.7705487214289,38.7273769971395,-78.8001592300332,38.4658403520737,19.333333001,17.41666666663,1989.41666666563,1991.333333,182
291,92,0.750000333999964,-79.1379334460575,38.694735870287,-79.1351676183477,38.6906699459487,19.416667001,18.666666667,1990.666666666,1991.416667,202
381,185,0.250000332699958,-79.0850155177768,38.2618070886089,-79.2629641440795,38.3106106163515,19.416667001,19.1666666683,1991.1666666673,1991.416667,208
254,255,3.583333333,-78.1888450864632,37.8832919053605,-78.1667355930759,38.0345746546799,19.5,15.916666667,1987.916666666,1991.499999999,NA
292,293,2.416666667,-78.290613700868,38.5462438593705,-78.2647044786614,38.6671062256035,19.750000001,17.333333334,1989.333333333,1991.75,NA
243,44,2.58333300100004,-77.293155680478,38.3974438932592,-77.648744,36.170741,19.833333001,17.25,1989.249999999,1991.833333,172
301,302,4.916666667,-77.8987273802956,35.7332773166839,-78.0947396845262,35.7154244237307,19.83333333333,14.91666666633,1986.91666666533,1991.83333333233,NA
268,71,2.58333366699996,-78.8116512751734,37.0745172843626,-78.144371,37.843375,19.916667001,17.333333334,1989.333333333,1991.916667,180
296,297,7.833333333,-78.122581705076,38.363837866095,-77.4188463166366,39.518463803925,19.9999999997,12.1666666667,1984.1666666657,1991.9999999987,NA
247,248,6,-77.3777111198239,38.4265819753981,-77.727534525456,38.8658752620512,20,14,1985.999999999,1991.999999999,NA
248,50,0.0833330010000388,-77.727534525456,38.8658752620512,-77.749744,38.839436,20.083333001,20,1991.999999999,1992.083333,222
381,382,0.916666666699999,-79.0850155177768,38.2618070886089,-79.0833318637427,37.875447033256,20.083333335,19.1666666683,1991.1666666673,1992.083333334,NA
316,317,3.833333333,-76.255196628826,39.18451670604,-76.6311926753027,39.4758777450755,20.1666666641,16.3333333311,1988.3333333301,1992.1666666631,NA
324,128,6.5000000013,-78.9410454878174,39.3503150277736,-79.865475,40.860264,20.250000001,13.7499999997,1985.7499999987,1992.25,117
382,186,0.166666665999998,-79.0833318637427,37.875447033256,-79.12443,37.89135,20.250000001,20.083333335,1992.083333334,1992.25,224
269,270,3.25,-78.8949275543283,37.6661945783059,-77.6431474953866,38.1102694244489,20.4166666673,17.1666666673,1989.1666666663,1992.4166666663,NA
208,10,3.25000033469996,-80.2568586795099,38.673248133531,-80.70918,38.372598,20.416667001,17.1666666663,1989.1666666653,1992.416667,167
312,115,1.25000033719996,-77.4597961293599,39.6445432598776,-77.519846,39.841918,20.416667001,19.1666666638,1991.1666666628,1992.416667,211
317,120,0.250000336899962,-76.6311926753027,39.4758777450755,-76.613692,39.414006,20.416667001,20.1666666641,1992.1666666631,1992.416667,226
223,25,1.6666666677,-77.3360817216782,36.5812246538166,-77.243555,36.6742,20.500000001,18.8333333333,1990.8333333323,1992.5,206
310,113,3.33333300360004,-76.4752471682615,39.964132218456,-77.067831,41.485351,20.583333001,17.2499999974,1989.2499999964,1992.583333,175
293,95,0.833333000000039,-78.2647044786614,38.6671062256035,-78.1186201525092,38.6423419910399,20.583333001,19.750000001,1991.75,1992.583333,216
293,96,1,-78.2647044786614,38.6671062256035,-78.189957,38.851048,20.750000001,19.750000001,1991.75,1992.75,217
227,228,2.916666667,-78.7820722829303,38.7438349649488,-78.9341270204616,38.926120876543,20.83333333363,17.91666666663,1989.91666666563,1992.83333333263,NA
373,376,2.416666667,-78.3420653637444,38.6204459930152,-78.3172119816249,38.972242987786,20.8333333346,18.4166666676,1990.4166666666,1992.8333333336,NA
297,298,0.916666666699999,-77.4188463166366,39.518463803925,-77.3019210856653,39.4258383323431,20.9166666664,19.9999999997,1991.9999999987,1992.9166666654,NA
263,264,6.166666667,-79.0425005347817,37.6489247142419,-78.264434845675,37.2766518022107,21.0000000007,14.8333333337,1986.8333333327,1992.9999999997,NA
264,67,0.0833330003000405,-78.264434845675,37.2766518022107,-78.5553562827641,37.4659620922109,21.083333001,21.0000000007,1992.9999999997,1993.083333,236
224,225,3.75,-78.8105548931555,38.9114936731684,-78.5510760766053,39.9368254561499,21.0833333333,17.3333333333,1989.3333333323,1993.0833333323,NA
376,180,0.333333666399959,-78.3172119816249,38.972242987786,-78.4199281093605,38.8548132776694,21.166667001,20.8333333346,1992.8333333336,1993.166667,232
292,94,3.99999966700004,-78.290613700868,38.5462438593705,-78.9964410306436,39.054031457357,21.333333001,17.333333334,1989.333333333,1993.333333,176
245,48,3.41666633400004,-77.4125687885346,38.6707503115375,-77.097229,38.441637,21.333333001,17.916666667,1989.916666666,1993.333333,193
228,229,0.583333333300001,-78.9341270204616,38.926120876543,-78.7863120737429,38.9539876967014,21.41666666693,20.83333333363,1992.83333333263,1993.41666666593,NA
255,257,1.916666667,-78.1667355930759,38.0345746546799,-78.130067125101,37.9073163705479,21.416666667,19.5,1991.499999999,1993.416666666,NA
264,265,0.416666666699999,-78.264434845675,37.2766518022107,-78.2660467128136,37.1200290636675,21.4166666674,21.0000000007,1992.9999999997,1993.4166666664,NA
359,360,2.166666667,-79.3775519980683,37.6530221885632,-79.3915919122593,37.7124246456398,21.4166666677,19.2500000007,1991.2499999997,1993.4166666667,NA
299,102,8.66666700099996,-77.7191783657834,38.525837074328,-79.2611142791675,38.3085523346924,21.416667001,12.75,1984.749999999,1993.416667,103
302,105,1.66666666767,-78.0947396845262,35.7154244237307,-78.663605,36.402937,21.500000001,19.83333333333,1991.83333333233,1993.5,218
358,162,3.24999966700004,-79.64924877531,37.9620624798441,-79.971663490286,38.2150213690301,21.583333001,18.333333334,1990.333333333,1993.583333,197
225,28,0.499999667700038,-78.5510760766053,39.9368254561499,-78.582100080641,39.9363298898205,21.583333001,21.0833333333,1993.0833333323,1993.583333,239
229,31,0.166666334070037,-78.7863120737429,38.9539876967014,-78.7221575527281,39.040532147264,21.583333001,21.41666666693,1993.41666666593,1993.583333,244
212,213,6.583333333,-78.6342815088338,38.1588137329292,-78.6340793627653,38.5263573361402,21.6666666663,15.0833333333,1987.0833333323,1993.6666666653,NA
349,350,4.333333333,-77.8577760176705,37.0349621750848,-77.5649420619999,37.6950717905362,21.916666667,17.583333334,1989.583333333,1993.916666666,NA
325,326,5.25,-78.7220133763395,39.5116243649753,-78.7647877489794,39.777706722498,21.9999999997,16.7499999997,1988.7499999987,1993.9999999987,NA
257,258,0.583333333300001,-78.130067125101,37.9073163705479,-78.6243127461455,38.3934904237136,22.0000000003,21.416666667,1993.416666666,1993.9999999993,NA
350,351,0.0833333333299997,-77.5649420619999,37.6950717905362,-77.559441492889,37.6621019510115,22.00000000033,21.916666667,1993.916666666,1993.99999999933,NA
213,214,0.416666666699999,-78.6340793627653,38.5263573361402,-78.7708744930128,38.5400976583697,22.083333333,21.6666666663,1993.6666666653,1994.083333332,NA
326,327,0.0833333333299997,-78.7647877489794,39.777706722498,-78.7429649710869,39.7619180445018,22.08333333303,21.9999999997,1993.9999999987,1994.08333333203,NA
359,363,2.916666667,-79.3775519980683,37.6530221885632,-79.8257468464112,37.9472952588694,22.1666666677,19.2500000007,1991.2499999997,1994.1666666667,NA
317,121,2.0833333369,-76.6311926753027,39.4758777450755,-77.322963,40.372131,22.250000001,20.1666666641,1992.1666666631,1994.25,227
258,61,0.333333000700037,-78.6243127461455,38.3934904237136,-78.239679457762,38.2371721645826,22.333333001,22.0000000003,1993.9999999993,1994.333333,255
326,328,0.333333333300001,-78.7647877489794,39.777706722498,-78.7496398624351,39.8762340373424,22.333333333,21.9999999997,1993.9999999987,1994.333333332,NA
207,209,7.5,-79.6291974688888,38.0653490893548,-79.9449117572896,38.1937526024563,22.3333333333,14.8333333333,1986.8333333323,1994.3333333323,NA
327,131,0.333333667969963,-78.7429649710869,39.7619180445018,-78.763121,39.769263,22.416667001,22.08333333303,1994.08333333203,1994.416667,261
351,352,0.5,-77.559441492889,37.6621019510115,-77.555072239855,37.5084625589255,22.50000000033,22.00000000033,1993.99999999933,1994.49999999933,NA
225,27,1.4166666677,-78.5510760766053,39.9368254561499,-78.5799384170226,39.9325564269798,22.500000001,21.0833333333,1993.0833333323,1994.5,238
318,122,4.91666633690004,-76.3160172198564,38.8716694774842,-76.255084,39.201779,22.583333001,17.6666666641,1989.6666666631,1994.583333,190
318,319,5,-76.3160172198564,38.8716694774842,-76.1440157596017,38.9859954764352,22.6666666641,17.6666666641,1989.6666666631,1994.6666666631,NA
328,329,0.333333333300001,-78.7496398624351,39.8762340373424,-78.6612819807562,39.7102125200604,22.6666666663,22.333333333,1994.333333332,1994.6666666653,NA
229,230,1.333333333,-78.7863120737429,38.9539876967014,-78.6962370574192,38.6549657723336,22.74999999993,21.41666666693,1993.41666666593,1994.74999999893,NA
270,74,2.3333333337,-77.6431474953866,38.1102694244489,-77.4523633867838,38.2413355700797,22.750000001,20.4166666673,1992.4166666663,1994.75,228
249,250,5.333333333,-78.3922963066229,38.5240424301266,-78.6755986106571,38.7493320269498,22.916666666,17.583333333,1989.583333332,1994.916666665,NA
298,100,2.0833333346,-77.3019210856653,39.4258383323431,-76.317517,40.408652,23.000000001,20.9166666664,1992.9166666654,1995,234
328,132,0.666666668000001,-78.7496398624351,39.8762340373424,-78.5776259423777,39.9337225083228,23.000000001,22.333333333,1994.333333332,1995,267
311,313,4.333333333,-77.4432633482469,39.5081377539399,-77.6568998541707,39.2232078959037,23.0833333301,18.7499999971,1990.7499999961,1995.0833333291,NA
315,119,8.00000033689996,-77.1771422082488,39.3585840206498,-76.732153,37.400851,23.166667001,15.1666666641,1987.1666666631,1995.166667,145
258,60,1.16666700069996,-78.6243127461455,38.3934904237136,-78.804061253248,38.4654056003285,23.166667001,22.0000000003,1993.9999999993,1995.166667,254
270,271,2.916666667,-77.6431474953866,38.1102694244489,-77.6617148651097,37.9664887135276,23.3333333343,20.4166666673,1992.4166666663,1995.3333333333,NA
206,8,11.0833333347,-78.8394080851467,37.5270151099035,-78.5361910632029,37.2791011876598,23.500000001,12.4166666663,1984.4166666653,1995.5,97
230,32,0.750000001069999,-78.6962370574192,38.6549657723336,-78.7206215773295,39.0357114837882,23.500000001,22.74999999993,1994.74999999893,1995.5,274
327,130,1.49999966797004,-78.7429649710869,39.7619180445018,-79.366803,40.074237,23.583333001,22.08333333303,1994.08333333203,1995.583333,260
271,273,0.25,-77.6617148651097,37.9664887135276,-77.7105288865345,37.9474770465844,23.5833333343,23.3333333343,1995.3333333333,1995.5833333333,NA
271,272,0.333333333300001,-77.6617148651097,37.9664887135276,-77.6247287155416,38.0861636940089,23.6666666676,23.3333333343,1995.3333333333,1995.6666666666,NA
222,24,6.08333366769996,-77.268959724347,38.1453064907078,-76.633202,38.255331,23.666667001,17.5833333333,1989.5833333323,1995.666667,188
273,77,0.0833336666999607,-77.7105288865345,37.9474770465844,-77.75278,37.130979,23.666667001,23.5833333343,1995.5833333333,1995.666667,283
255,256,4.25,-78.1667355930759,38.0345746546799,-78.2876333116761,37.8263301352047,23.75,19.5,1991.499999999,1995.749999999,NA
357,161,8.916666667,-79.5489866486723,38.1475522335803,-79.455173,38.133634,23.750000001,14.833333334,1986.833333333,1995.75,130
302,106,3.91666666767,-78.0947396845262,35.7154244237307,-77.90538,35.380605,23.750000001,19.83333333333,1991.83333333233,1995.75,219
248,51,3.750000001,-77.727534525456,38.8658752620512,-77.8125382175047,39.0406257067787,23.750000001,20,1991.999999999,1995.75,223
352,155,1.25000000067,-77.555072239855,37.5084625589255,-77.623053,37.665913,23.750000001,22.50000000033,1994.49999999933,1995.75,268
272,75,0.0833333333999988,-77.6247287155416,38.0861636940089,-77.6166958449927,38.0509878459254,23.750000001,23.6666666676,1995.6666666666,1995.75,284
273,274,0.333333333300001,-77.7105288865345,37.9474770465844,-77.7255192350465,37.8976496463876,23.9166666676,23.5833333343,1995.5833333333,1995.9166666666,NA
380,384,5.416666667,-79.1608781998896,38.2776350140917,-79.292289713787,38.7420404445809,23.9166666686,18.5000000016,1990.5000000006,1995.9166666676,NA
363,167,1.75000033329996,-79.8257468464112,37.9472952588694,-79.819092,37.77381,23.916667001,22.1666666677,1994.1666666667,1995.916667,262
243,45,6.750000001,-77.293155680478,38.3974438932592,-78.9946758635271,39.0560756007315,24.000000001,17.25,1989.249999999,1996,173
313,314,1.083333333,-77.6568998541707,39.2232078959037,-77.7331662779228,39.2896220758619,24.1666666631,23.0833333301,1995.0833333291,1996.1666666621,NA
250,251,1.25,-78.6755986106571,38.7493320269498,-78.6129981411504,38.3304760998898,24.166666666,22.916666666,1994.916666665,1996.166666665,NA
384,385,0.25,-79.292289713787,38.7420404445809,-79.3312719857487,38.6723142584705,24.1666666686,23.9166666686,1995.9166666676,1996.1666666676,NA
352,156,1.66666700066996,-77.555072239855,37.5084625589255,-77.9741348354594,37.2540066510329,24.166667001,22.50000000033,1994.49999999933,1996.166667,269
314,117,0.0833333379000045,-77.7331662779228,39.2896220758619,-77.752467,39.38318,24.250000001,24.1666666631,1996.1666666621,1996.25,294
214,218,2.333333333,-78.7708744930128,38.5400976583697,-78.7124088960971,38.7307806786417,24.416666666,22.083333333,1994.083333332,1996.416666665,NA
257,259,3,-78.130067125101,37.9073163705479,-78.527678175226,37.9842776086368,24.416666667,21.416666667,1993.416666666,1996.416666666,NA
274,276,0.583333333300001,-77.7255192350465,37.8976496463876,-77.7830057901889,37.7393358152787,24.5000000009,23.9166666676,1995.9166666666,1996.4999999999,NA
329,133,1.8333333347,-78.6612819807562,39.7102125200604,-78.592549,39.391258,24.500000001,22.6666666663,1994.6666666653,1996.5,273
214,215,2.5,-78.7708744930128,38.5400976583697,-78.8076387430652,38.660502692014,24.583333333,22.083333333,1994.083333332,1996.583333332,NA
329,330,1.916666667,-78.6612819807562,39.7102125200604,-77.9199779127679,39.1695518639642,24.5833333333,22.6666666663,1994.6666666653,1996.5833333323,NA
259,260,0.166666666699999,-78.527678175226,37.9842776086368,-78.382215852103,38.0669675239514,24.5833333337,24.416666667,1996.416666666,1996.5833333327,NA
376,377,3.75,-78.3172119816249,38.972242987786,-77.6342074995312,39.1087010148682,24.5833333346,20.8333333346,1992.8333333336,1996.5833333336,NA
218,219,0.25,-78.7124088960971,38.7307806786417,-78.9207331072838,38.9891389995271,24.666666666,24.416666666,1996.416666665,1996.666666665,NA
385,386,0.5,-79.3312719857487,38.6723142584705,-79.326296858948,38.7640265083086,24.6666666686,24.1666666686,1996.1666666676,1996.6666666676,NA
301,104,9.75000033466996,-77.8987273802956,35.7332773166839,-77.948083,34.771991,24.666667001,14.91666666633,1986.91666666533,1996.666667,136
310,112,7.41666700359996,-76.4752471682615,39.964132218456,-75.259826,40.67816,24.666667001,17.2499999974,1989.2499999964,1996.666667,174
350,353,2.833333333,-77.5649420619999,37.6950717905362,-77.5281772070483,37.9787483346252,24.75,21.916666667,1993.916666666,1996.749999999,NA
360,163,3.3333333333,-79.3915919122593,37.7124246456398,-79.31034,37.708185,24.750000001,21.4166666677,1993.4166666667,1996.75,241
209,11,2.4166666677,-79.9449117572896,38.1937526024563,-79.5318998795828,38.3468016868709,24.750000001,22.3333333333,1994.3333333323,1996.75,265
274,275,0.916666666699999,-77.7255192350465,37.8976496463876,-77.6205572295238,37.8793852240695,24.8333333343,23.9166666676,1995.9166666666,1996.8333333333,NA
377,378,0.25,-77.6342074995312,39.1087010148682,-77.0087846474125,38.8589241631581,24.8333333346,24.5833333346,1996.5833333336,1996.8333333336,NA
382,383,4.833333333,-79.0833318637427,37.875447033256,-79.5646106014227,38.561198293801,24.916666668,20.083333335,1992.083333334,1996.916666667,NA
314,118,0.750000337899966,-77.7331662779228,39.2896220758619,-77.802941,39.539921,24.916667001,24.1666666631,1996.1666666621,1996.916667,295
259,62,0.583333333999999,-78.527678175226,37.9842776086368,-78.4184329736248,38.0343933338758,25.000000001,24.416666667,1996.416666666,1997,299
383,188,0.0833333329999988,-79.5646106014227,38.561198293801,-79.6012931984165,38.5617611386025,25.000000001,24.916666668,1996.916666667,1997,323
378,379,0.166666666699999,-77.0087846474125,38.8589241631581,-77.0561210308826,38.8875613462402,25.0000000013,24.8333333346,1996.8333333336,1997.0000000003,NA
330,134,0.499999667700038,-77.9199779127679,39.1695518639642,-78.6695401803696,39.5681631536783,25.083333001,24.5833333333,1996.5833333323,1997.083333,308
353,354,0.333333333300001,-77.5281772070483,37.9787483346252,-77.4351655633247,38.222076125828,25.0833333333,24.75,1996.749999999,1997.0833333323,NA
219,220,0.5,-78.9207331072838,38.9891389995271,-78.9094722160122,39.1652580457738,25.166666666,24.666666666,1996.666666665,1997.166666665,NA
330,331,0.583333333300001,-77.9199779127679,39.1695518639642,-77.851951326069,39.3743795685918,25.1666666666,24.5833333333,1996.5833333323,1997.1666666656,NA
319,320,2.583333333,-76.1440157596017,38.9859954764352,-75.9729545823276,39.0033946387868,25.2499999971,22.6666666641,1994.6666666631,1997.2499999961,NA
385,190,1.16666633240003,-79.3312719857487,38.6723142584705,-79.404183,38.724857,25.333333001,24.1666666686,1996.1666666676,1997.333333,296
378,182,0.499999666400036,-77.0087846474125,38.8589241631581,-77.009482,38.810188,25.333333001,24.8333333346,1996.8333333336,1997.333333,320
276,279,1.166666667,-77.7830057901889,37.7393358152787,-77.7811405504512,37.8916415637079,25.6666666679,24.5000000009,1996.4999999999,1997.6666666669,NA
343,344,10.5,-77.9718217573889,37.6061628879347,-77.0940600028106,36.8493999818281,25.75000000033,15.25000000033,1987.24999999933,1997.74999999933,NA
213,15,4.0833333347,-78.6340793627653,38.5263573361402,-79.067732,38.4871,25.750000001,21.6666666663,1993.6666666653,1997.75,248
319,123,3.16666633690004,-76.1440157596017,38.9859954764352,-75.759726,39.876475,25.833333001,22.6666666641,1994.6666666631,1997.833333,271
379,183,0.833332999700037,-77.0561210308826,38.8875613462402,-77.323619,37.69443,25.833333001,25.0000000013,1997.0000000003,1997.833333,326
360,361,4.416666667,-79.3915919122593,37.7124246456398,-80.9846602223104,37.9301514434416,25.8333333347,21.4166666677,1993.4166666667,1997.8333333337,NA
386,387,1.166666667,-79.326296858948,38.7640265083086,-79.3268637456692,38.8698761493835,25.8333333356,24.6666666686,1996.6666666676,1997.8333333346,NA
361,362,0.135535217035353,-80.9846602223104,37.9301514434416,-81.0008233237916,37.8903303854747,25.9688685517354,25.8333333347,1997.8333333337,1997.96886855074,NA
251,54,1.833333335,-78.6129981411504,38.3304760998898,-78.541951,38.447044,26.000000001,24.166666666,1996.166666665,1998,293
260,63,1.4166666673,-78.382215852103,38.0669675239514,-78.420000194668,38.0367670019277,26.000000001,24.5833333337,1996.5833333327,1998,311
362,165,0.0311314492646426,-81.0008233237916,37.8903303854747,-80.96467,37.77222,26.000000001,25.9688685517354,1997.96886855074,1998,348
220,22,1.00000033499996,-78.9094722160122,39.1652580457738,-78.787249,39.221595,26.166667001,25.166666666,1997.166666665,1998.166667,332
275,78,1.49999966670004,-77.6205572295238,37.8793852240695,-78.4163700076595,38.8597852817762,26.333333001,24.8333333343,1996.8333333333,1998.333333,318
379,184,1.33333299970004,-77.0561210308826,38.8875613462402,-76.930775,38.967242,26.333333001,25.0000000013,1997.0000000003,1998.333333,350
363,364,4.166666667,-79.8257468464112,37.9472952588694,-80.702885976037,37.7993410702802,26.3333333347,22.1666666677,1994.1666666667,1998.3333333337,NA
265,68,5.00000033359996,-78.2660467128136,37.1200290636675,-78.191351,37.103721,26.416667001,21.4166666674,1993.4166666664,1998.416667,246
353,157,1.66666700099996,-77.5281772070483,37.9787483346252,-77.425007,35.358352,26.416667001,24.75,1996.749999999,1998.416667,317
220,23,1.25000033499996,-78.9094722160122,39.1652580457738,-79.2764802470928,39.0862606667094,26.416667001,25.166666666,1997.166666665,1998.416667,333
361,164,0.583333666299957,-80.9846602223104,37.9301514434416,-80.89495,37.532852,26.416667001,25.8333333347,1997.8333333337,1998.416667,343
256,58,2.750000001,-78.2876333116761,37.8263301352047,-78.5278895241518,36.7721270113915,26.500000001,23.75,1995.749999999,1998.5,286
364,168,0.166666666299996,-80.702885976037,37.7993410702802,-80.7293302623304,37.720126056502,26.500000001,26.3333333347,1998.3333333337,1998.5,353
279,280,1,-77.7811405504512,37.8916415637079,-77.7478219663553,38.4017145311705,26.6666666679,25.6666666679,1997.6666666669,1998.6666666669,NA
276,277,2.25,-77.7830057901889,37.7393358152787,-77.4858304003494,37.9134661537537,26.7500000009,24.5000000009,1996.4999999999,1998.7499999999,NA
219,21,2.083333335,-78.9207331072838,38.9891389995271,-78.954139,39.608975,26.750000001,24.666666666,1996.666666665,1998.75,315
354,159,1.74999966770004,-77.4351655633247,38.222076125828,-77.563589,39.370053,26.833333001,25.0833333333,1997.0833333323,1998.833333,329
331,135,1.66666633440004,-77.851951326069,39.3743795685918,-77.886008,39.224329,26.833333001,25.1666666666,1997.1666666656,1998.833333,330
280,83,0.166666333100036,-77.7478219663553,38.4017145311705,-77.685312,38.457176,26.833333001,26.6666666679,1998.6666666669,1998.833333,356
277,278,0.0833333333299997,-77.4858304003494,37.9134661537537,-77.511724414417,37.8728196498344,26.83333333423,26.7500000009,1998.7499999999,1998.83333333323,NA
373,374,8.416666667,-78.3420653637444,38.6204459930152,-77.5924362769523,39.0796016898809,26.8333333346,18.4166666676,1990.4166666666,1998.8333333336,NA
364,365,0.5,-80.702885976037,37.7993410702802,-80.9751794466086,37.7072395381727,26.8333333347,26.3333333347,1998.3333333337,1998.8333333337,NA
260,261,2.416666667,-78.382215852103,38.0669675239514,-78.6490803846046,39.0312038214527,27.0000000007,24.5833333337,1996.5833333327,1998.9999999997,NA
384,189,3.0833333324,-79.292289713787,38.7420404445809,-79.5984556303053,38.5543336461059,27.000000001,23.9166666686,1995.9166666676,1999,289
218,20,2.583333335,-78.7124088960971,38.7307806786417,-78.6614123910897,38.8560461529668,27.000000001,24.416666666,1996.416666665,1999,301
280,84,0.416666333100036,-77.7478219663553,38.4017145311705,-77.4485292681467,38.2485396584533,27.083333001,26.6666666679,1998.6666666669,1999.083333,357
230,33,4.41666700106996,-78.6962370574192,38.6549657723336,-78.29009,38.439818,27.166667001,22.74999999993,1994.74999999893,1999.166667,275
387,388,1.416666667,-79.3268637456692,38.8698761493835,-79.0340712403586,38.2978684269777,27.2500000026,25.8333333356,1997.8333333346,1999.2500000016,NA
251,252,3.166666667,-78.6129981411504,38.3304760998898,-78.4465396395314,38.0704868112312,27.333333333,24.166666666,1996.166666665,1999.333333332,NA
256,59,3.66666700099996,-78.2876333116761,37.8263301352047,-78.815841,37.663357,27.416667001,23.75,1995.749999999,1999.416667,287
320,124,2.16666700389996,-75.9729545823276,39.0033946387868,-75.264862,40.043326,27.416667001,25.2499999971,1997.2499999961,1999.416667,355
365,169,0.666666666299996,-80.9751794466086,37.7072395381727,-81.191336,37.8221,27.500000001,26.8333333347,1998.8333333337,1999.5,363
265,266,6.166666667,-78.2660467128136,37.1200290636675,-78.536078981798,35.8002659453544,27.5833333344,21.4166666674,1993.4166666664,1999.5833333334,NA
374,375,0.75,-77.5924362769523,39.0796016898809,-79.1019446092297,40.0157013047167,27.5833333346,26.8333333346,1998.8333333336,1999.5833333336,NA
228,231,6.833333333,-78.9341270204616,38.926120876543,-78.4307442394409,37.6416605964946,27.66666666663,20.83333333363,1992.83333333263,1999.66666666563,NA
365,366,0.833333333300001,-80.9751794466086,37.7072395381727,-80.9798772030448,37.8558396042463,27.666666668,26.8333333347,1998.8333333337,1999.666666667,NA
250,53,4.833333335,-78.6755986106571,38.7493320269498,-79.421348,39.495872,27.750000001,22.916666666,1994.916666665,1999.75,336
252,56,0.49999966800004,-78.4465396395314,38.0704868112312,-78.739226,38.257229,27.833333001,27.333333333,1999.333333332,1999.833333,375
209,210,5.5,-79.9449117572896,38.1937526024563,-79.7886690997893,38.6867628164277,27.8333333333,22.3333333333,1994.3333333323,1999.8333333323,NA
279,281,2.333333333,-77.7811405504512,37.8916415637079,-77.7168544777606,37.9445188295632,28.0000000009,25.6666666679,1997.6666666669,1999.9999999999,NA
298,101,7.0833333346,-77.3019210856653,39.4258383323431,-77.3248489369265,39.6546450451713,28.000000001,20.9166666664,1992.9166666654,2000,235
351,154,6.00000000067,-77.559441492889,37.6621019510115,-78.5297702858881,36.7733042778929,28.000000001,22.00000000033,1993.99999999933,2000,257
278,81,1.16666666677,-77.511724414417,37.8728196498344,-77.344624,38.045968,28.000000001,26.83333333423,1998.83333333323,2000,370
266,70,0.416666666600001,-78.536078981798,35.8002659453544,-78.525175,35.742965,28.000000001,27.5833333344,1999.5833333334,2000,381
249,52,10.499999668,-78.3922963066229,38.5240424301266,-78.0897138941684,39.8930833558687,28.083333001,17.583333333,1989.583333332,2000.083333,187
366,367,0.583333333300001,-80.9798772030448,37.8558396042463,-80.9357606641363,37.8758080780593,28.2500000013,27.666666668,1999.666666667,2000.2500000003,NA
312,114,9.16666633720004,-77.4597961293599,39.6445432598776,-77.199608,41.288737,28.333333001,19.1666666638,1991.1666666628,2000.333333,210
266,69,0.74999966660004,-78.536078981798,35.8002659453544,-78.977669,36.154256,28.333333001,27.5833333344,1999.5833333334,2000.333333,380
215,216,3.75,-78.8076387430652,38.660502692014,-78.5656478422678,38.6027180564391,28.333333333,24.583333333,1996.583333332,2000.333333332,NA
261,65,1.66666700029996,-78.6490803846046,39.0312038214527,-78.6565875820298,38.8586751366615,28.666667001,27.0000000007,1998.9999999997,2000.666667,369
281,86,0.66666700009996,-77.7168544777606,37.9445188295632,-78.531310913619,37.2759493085432,28.666667001,28.0000000009,1999.9999999999,2000.666667,395
231,232,1.166666667,-78.4307442394409,37.6416605964946,-78.3398140805979,37.9334234282768,28.83333333363,27.66666666663,1999.66666666563,2000.83333333263,NA
215,217,4.416666667,-78.8076387430652,38.660502692014,-78.6508925888516,38.9509900814363,29,24.583333333,1996.583333332,2000.999999999,NA
375,179,1.4166666664,-79.1019446092297,40.0157013047167,-78.6695494741431,39.5745293064296,29.000000001,27.5833333346,1999.5833333336,2001,383
297,99,9.08333300130004,-77.4188463166366,39.518463803925,-78.23281,40.277997,29.083333001,19.9999999997,1991.9999999987,2001.083333,221
367,368,0.833333333300001,-80.9357606641363,37.8758080780593,-81.2513699488486,37.8798180702575,29.0833333346,28.2500000013,2000.2500000003,2001.0833333336,NA
388,389,1.833333333,-79.0340712403586,38.2978684269777,-79.0283285341785,38.6211556777049,29.0833333356,27.2500000026,1999.2500000016,2001.0833333346,NA
278,82,2.33333366676996,-77.511724414417,37.8728196498344,-78.601134,38.657027,29.166667001,26.83333333423,1998.83333333323,2001.166667,365
389,195,0.0833336653999552,-79.0283285341785,38.6211556777049,-78.6595707684523,38.8596158212224,29.166667001,29.0833333356,2001.0833333346,2001.166667,415
275,79,4.58333366669996,-77.6205572295238,37.8793852240695,-77.304627,38.235624,29.416667001,24.8333333343,1996.8333333333,2001.416667,319
231,34,1.75000033436996,-78.4307442394409,37.6416605964946,-77.8089945436597,39.0320980405427,29.416667001,27.66666666663,1999.66666666563,2001.416667,385
232,233,0.666666666699999,-78.3398140805979,37.9334234282768,-77.9838074515116,38.1726083289223,29.50000000033,28.83333333363,2000.83333333263,2001.49999999933,NA
367,171,1.24999999969999,-80.9357606641363,37.8758080780593,-81.130112,37.5796,29.500000001,28.2500000013,2000.2500000003,2001.5,400
368,173,0.499999666400033,-81.2513699488486,37.8798180702575,-81.458237,38.122251,29.583333001,29.0833333346,2001.0833333336,2001.583333,417
349,153,12.083333667,-77.8577760176705,37.0349621750848,-79.125682,36.307667,29.666667001,17.583333334,1989.583333333,2001.666667,184
366,170,2.00000033299996,-80.9798772030448,37.8558396042463,-80.7310448194512,37.7202852343317,29.666667001,27.666666668,1999.666666667,2001.666667,387
281,85,1.66666700009996,-77.7168544777606,37.9445188295632,-77.6095387886421,38.0463509243251,29.666667001,28.0000000009,1999.9999999999,2001.666667,423
383,187,4.833333333,-79.5646106014227,38.561198293801,-79.9726834717146,38.2101490748167,29.750000001,24.916666668,1996.916666667,2001.75,322
354,158,4.6666666677,-77.4351655633247,38.222076125828,-77.187526,38.442611,29.750000001,25.0833333333,1997.0833333323,2001.75,328
277,80,3.0000000001,-77.4858304003494,37.9134661537537,-77.765258,37.859633,29.750000001,26.7500000009,1998.7499999999,2001.75,358
320,125,4.58333300390004,-75.9729545823276,39.0033946387868,-76.096581,38.634007,29.833333001,25.2499999971,1997.2499999961,2001.833333,335
374,177,3.1666666664,-77.5924362769523,39.0796016898809,-77.8066642396314,39.0370260922714,30.000000001,26.8333333346,1998.8333333336,2002,360
344,345,4.416666667,-77.0940600028106,36.8493999818281,-77.4950433179161,36.7628919578358,30.16666666733,25.75000000033,1997.74999999933,2002.16666666633,NA
233,36,0.66666700066996,-77.9838074515116,38.1726083289223,-77.839553,38.255862,30.166667001,29.50000000033,2001.49999999933,2002.166667,420
331,136,5.0833333344,-77.851951326069,39.3743795685918,-78.098805,39.231406,30.250000001,25.1666666666,1997.1666666656,2002.25,331
232,35,1.49999966737004,-78.3398140805979,37.9334234282768,-78.336506,37.6333,30.333333001,28.83333333363,2000.83333333263,2002.333333,409
386,191,5.91666633240003,-79.326296858948,38.7640265083086,-78.4177243266649,38.0414547766075,30.583333001,24.6666666686,1996.6666666676,2002.583333,313
233,37,1.16666700066996,-77.9838074515116,38.1726083289223,-78.0365513935183,38.2491099259704,30.666667001,29.50000000033,2001.49999999933,2002.666667,421
313,116,7.74999967090004,-77.6568998541707,39.2232078959037,-80.29787,39.655623,30.833333001,23.0833333301,1995.0833333291,2002.833333,403
389,194,1.74999966540003,-79.0283285341785,38.6211556777049,-79.486317,39.703649,30.833333001,29.0833333356,2001.0833333346,2002.833333,414
217,18,2.000000001,-78.6508925888516,38.9509900814363,-78.355093,38.649375,31.000000001,29,2000.999999999,2003,412
362,166,5.11446444926468,-81.0008233237916,37.8903303854747,-80.245917,37.632226,31.083333001,25.9688685517354,1997.96886855074,2003.083333,419
368,172,2.08333366639996,-81.2513699488486,37.8798180702575,-80.656184,37.490444,31.166667001,29.0833333346,2001.0833333336,2003.166667,416
210,12,3.4166666677,-79.7886690997893,38.6867628164277,-79.5251171610672,38.3437349293487,31.250000001,27.8333333333,1999.8333333323,2003.25,439
216,16,2.99999966800004,-78.5656478422678,38.6027180564391,-78.4848159509135,38.2428884728807,31.333333001,28.333333333,2000.333333332,2003.333333,404
217,19,2.41666700099996,-78.6508925888516,38.9509900814363,-78.9926171430892,39.0544054595112,31.416667001,29,2000.999999999,2003.416667,413
261,64,4.5000000003,-78.6490803846046,39.0312038214527,-79.2767961975886,39.0857349883363,31.500000001,27.0000000007,1998.9999999997,2003.5,368
216,17,3.416666668,-78.5656478422678,38.6027180564391,-77.95844,38.842638,31.750000001,28.333333333,2000.333333332,2003.75,405
387,192,5.99999966540003,-79.3268637456692,38.8698761493835,-79.670183,38.768302,31.833333001,25.8333333356,1997.8333333346,2003.833333,434
375,178,4.24999966640004,-79.1019446092297,40.0157013047167,-79.11311,40.022855,31.833333001,27.5833333346,1999.5833333336,2003.833333,382
272,76,8.25000033339996,-77.6247287155416,38.0861636940089,-76.409734,38.896195,31.916667001,23.6666666676,1995.6666666666,2003.916667,285
252,55,4.666666668,-78.4465396395314,38.0704868112312,-78.194366,38.04649,32.000000001,27.333333333,1999.333333332,2004,448
345,150,1.83333333367,-77.4950433179161,36.7628919578358,-77.473693,36.497799,32.000000001,30.16666666733,2002.16666666633,2004,431
345,149,1.91666633367004,-77.4950433179161,36.7628919578358,-77.361587,37.012103,32.083333001,30.16666666733,2002.16666666633,2004.083333,430
377,181,7.58333366639996,-77.6342074995312,39.1087010148682,-77.685631,39.213126,32.166667001,24.5833333346,1996.5833333336,2004.166667,376
344,148,6.41666700066996,-77.0940600028106,36.8493999818281,-76.916456,36.701224,32.166667001,25.75000000033,1997.74999999933,2004.166667,346
388,193,5.08333299840003,-79.0340712403586,38.2978684269777,-79.001464,38.281347,32.333333001,27.2500000026,1999.2500000016,2004.333333,373
210,13,4.86666666770004,-79.7886690997893,38.6867628164277,-78.927627,38.861026,32.700000001,27.8333333333,1999.8333333323,2004.7,391
