node1,node2,length,startLon,startLat,endLon,endLat,endNodeL,startNodeL,startYear,endYear,tipLabel
241,242,4.75,-79.8265370440123,38.5407120618556,-79.9080422268767,42.2344962549065,4.75,0,1971.999999999,1976.749999999,NA
241,265,1.166666667,-79.8265370440123,38.5407120618556,-79.3852729649121,39.0367841225334,1.166666667,0,1971.999999999,1973.166666666,NA
265,266,0.166666666699999,-79.3852729649121,39.0367841225334,-78.6035986594784,39.8923744384351,1.3333333337,1.166666667,1973.166666666,1973.3333333327,NA
265,294,0.25,-79.3852729649121,39.0367841225334,-79.4894674644082,39.1782368751424,1.416666667,1.166666667,1973.166666666,1973.416666666,NA
294,305,0.0833333333299997,-79.4894674644082,39.1782368751424,-79.4913019563962,39.184740935132,1.50000000033,1.416666667,1973.416666666,1973.49999999933,NA
294,295,0.75,-79.4894674644082,39.1782368751424,-79.5349651292226,39.173848969616,2.166666667,1.416666667,1973.416666666,1974.166666666,NA
305,306,1.166666667,-79.4913019563962,39.184740935132,-79.3317029581179,39.7585271838342,2.66666666733,1.50000000033,1973.49999999933,1974.66666666633,NA
305,362,1.333333333,-79.4913019563962,39.184740935132,-79.4379249822817,39.2073848078485,2.83333333333,1.50000000033,1973.49999999933,1974.83333333233,NA
362,363,0.0833333333299997,-79.4379249822817,39.2073848078485,-79.472146994754,39.2276667581184,2.91666666666,2.83333333333,1974.83333333233,1974.91666666566,NA
363,391,0.0833333333299997,-79.472146994754,39.2276667581184,-79.0601263957051,38.2112007001444,2.99999999999,2.91666666666,1974.91666666566,1974.99999999899,NA
266,276,2.083333333,-78.6035986594784,39.8923744384351,-78.9441613402445,39.4889900983418,3.4166666667,1.3333333337,1973.3333333327,1975.4166666657,NA
363,364,1.083333333,-79.472146994754,39.2276667581184,-79.4581793675338,39.1987516768504,3.99999999966,2.91666666666,1974.91666666566,1975.99999999866,NA
306,332,1.416666667,-79.3317029581179,39.7585271838342,-79.8159791971684,39.4942272133399,4.08333333433,2.66666666733,1974.66666666633,1976.08333333333,NA
332,336,0.166666666700003,-79.8159791971684,39.4942272133399,-79.7872649359114,39.4503043619474,4.25000000103,4.08333333433,1976.08333333333,1976.25000000003,NA
332,333,0.333333333300001,-79.8159791971684,39.4942272133399,-79.8541598902422,39.6232314416311,4.41666666763,4.08333333433,1976.08333333333,1976.41666666663,NA
295,296,2.333333333,-79.5349651292226,39.173848969616,-80.1227500204787,37.8679987228229,4.5,2.166666667,1974.166666666,1976.499999999,NA
362,445,1.75,-79.4379249822817,39.2073848078485,-79.6571260714854,38.3825947628325,4.58333333333,2.83333333333,1974.83333333233,1976.58333333233,NA
336,345,0.916666666699999,-79.7872649359114,39.4503043619474,-80.0432879443359,39.5315526276036,5.16666666773,4.25000000103,1976.25000000003,1977.16666666673,NA
276,277,1.916666667,-78.9441613402445,39.4889900983418,-78.7906125136407,39.1803460695461,5.3333333337,3.4166666667,1975.4166666657,1977.3333333327,NA
242,254,0.75,-79.9080422268767,42.2344962549065,-79.6803529296041,42.1558186662275,5.5,4.75,1976.749999999,1977.499999999,NA
266,267,4.166666667,-78.6035986594784,39.8923744384351,-79.2354109680937,43.1290224201326,5.5000000007,1.3333333337,1973.3333333327,1977.4999999997,NA
296,297,1.833333333,-80.1227500204787,37.8679987228229,-79.8536942130709,37.8856572750564,6.333333333,4.5,1976.499999999,1978.333333332,NA
391,392,3.583333333,-79.0601263957051,38.2112007001444,-78.5610684309175,37.6972925972828,6.58333333299,2.99999999999,1974.99999999899,1978.58333333199,NA
445,446,2,-79.6571260714854,38.3825947628325,-78.8576841547483,41.9284982501775,6.58333333333,4.58333333333,1976.58333333233,1978.58333333233,NA
364,365,3,-79.4581793675338,39.1987516768504,-79.0908776120779,38.8277228551545,6.99999999966,3.99999999966,1975.99999999866,1978.99999999866,NA
336,337,2.75,-79.7872649359114,39.4503043619474,-79.3029129633499,39.4702404203888,7.00000000103,4.25000000103,1976.25000000003,1979.00000000003,NA
365,376,0.166666666700003,-79.0908776120779,38.8277228551545,-79.0381616899444,38.6599358802908,7.16666666636,6.99999999966,1978.99999999866,1979.16666666536,NA
392,423,0.75,-78.5610684309175,37.6972925972828,-78.3274270712294,37.5438394540081,7.33333333299,6.58333333299,1978.58333333199,1979.33333333199,NA
445,447,2.916666667,-79.6571260714854,38.3825947628325,-79.841925614737,38.1147290797591,7.50000000033,4.58333333333,1976.58333333233,1979.49999999933,NA
254,256,2.083333333,-79.6803529296041,42.1558186662275,-81.7462422746677,40.2411790370773,7.583333333,5.5,1977.499999999,1979.583333332,NA
376,381,0.416666666699999,-79.0381616899444,38.6599358802908,-79.204325241819,38.608375759337,7.58333333306,7.16666666636,1979.16666666536,1979.58333333206,NA
392,393,1.333333333,-78.5610684309175,37.6972925972828,-78.6025246095717,37.581153832711,7.91666666599,6.58333333299,1978.58333333199,1979.91666666499,NA
345,349,2.75,-80.0432879443359,39.5315526276036,-80.8202050987021,39.7819359910565,7.91666666773,5.16666666773,1977.16666666673,1979.91666666673,NA
333,334,3.583333333,-79.8541598902422,39.6232314416311,-79.8174092383061,39.5752660190377,8.00000000063,4.41666666763,1976.41666666663,1979.99999999963,NA
376,377,0.916666666699999,-79.0381616899444,38.6599358802908,-78.1180396601459,38.9007323280479,8.08333333306,7.16666666636,1979.16666666536,1980.08333333206,NA
349,350,0.583333333300001,-80.8202050987021,39.7819359910565,-80.927989658108,39.8178463118735,8.50000000103,7.91666666773,1979.91666666673,1980.50000000003,NA
242,243,3.916666667,-79.9080422268767,42.2344962549065,-80.0496765641919,42.1815834224036,8.666666667,4.75,1976.749999999,1980.666666666,NA
297,298,2.416666667,-79.8536942130709,37.8856572750564,-79.3971509819973,40.1322138943139,8.75,6.333333333,1978.333333332,1980.749999999,NA
447,448,1.333333333,-79.841925614737,38.1147290797591,-80.1832260576255,38.5002611242155,8.83333333333,7.50000000033,1979.49999999933,1980.83333333233,NA
306,307,6.333333333,-79.3317029581179,39.7585271838342,-78.6885013718272,38.9330920860766,9.00000000033,2.66666666733,1974.66666666633,1980.99999999933,NA
267,268,3.666666667,-79.2354109680937,43.1290224201326,-79.1396649192217,42.6648534026985,9.1666666677,5.5000000007,1977.4999999997,1981.1666666667,NA
393,396,1.333333333,-78.6025246095717,37.581153832711,-78.4706839812861,37.4493759375276,9.24999999899,7.91666666599,1979.91666666499,1981.24999999799,NA
423,425,1.916666667,-78.3274270712294,37.5438394540081,-78.3140814846512,37.3861037469523,9.24999999999,7.33333333299,1979.33333333199,1981.24999999899,NA
350,351,0.916666666699996,-80.927989658108,39.8178463118735,-81.2502802794737,39.5166843436199,9.41666666773,8.50000000103,1980.50000000003,1981.41666666673,NA
393,394,1.666666667,-78.6025246095717,37.581153832711,-77.1185411097623,39.9390769468065,9.58333333299,7.91666666599,1979.91666666499,1981.58333333199,NA
276,278,6.25,-78.9441613402445,39.4889900983418,-78.9593579460545,39.9120051052519,9.6666666667,3.4166666667,1975.4166666657,1981.6666666657,NA
254,255,4.166666667,-79.6803529296041,42.1558186662275,-79.495110513815,42.490873059855,9.666666667,5.5,1977.499999999,1981.666666666,NA
365,366,2.75,-79.0908776120779,38.8277228551545,-79.1528822341336,39.3082132663721,9.74999999966,6.99999999966,1978.99999999866,1981.74999999866,NA
351,352,0.333333333300004,-81.2502802794737,39.5166843436199,-81.275859013323,39.3894983209415,9.75000000103,9.41666666773,1981.41666666673,1981.75000000003,NA
377,379,1.833333333,-78.1180396601459,38.9007323280479,-78.197575613568,39.0218210963378,9.91666666606,8.08333333306,1980.08333333206,1981.91666666506,NA
381,382,2.416666667,-79.204325241819,38.608375759337,-76.7765048794293,40.0411961692475,10.00000000006,7.58333333306,1979.58333333206,1981.99999999906,NA
423,424,2.75,-78.3274270712294,37.5438394540081,-79.0219206842738,38.4319208750038,10.08333333299,7.33333333299,1979.33333333199,1982.08333333199,NA
278,283,0.583333333300001,-78.9593579460545,39.9120051052519,-79.1253434383894,39.825898008434,10.25,9.6666666667,1981.6666666657,1982.249999999,NA
277,35,4.99999966730003,-78.7906125136407,39.1803460695461,-78.441179,38.832201,10.333333001,5.3333333337,1977.3333333327,1982.333333,40
307,309,1.333333333,-78.6885013718272,38.9330920860766,-77.0694544176129,39.7929396843715,10.33333333333,9.00000000033,1980.99999999933,1982.33333333233,NA
396,397,1.166666667,-78.4706839812861,37.4493759375276,-78.412948488259,37.3454799503795,10.41666666599,9.24999999899,1981.24999999799,1982.41666666499,NA
424,182,0.333333668009956,-79.0219206842738,38.4319208750038,-78.133936,39.632156,10.416667001,10.08333333299,1982.08333333199,1982.416667,106
396,406,1.25,-78.4706839812861,37.4493759375276,-78.3849331917279,37.5218657295715,10.49999999899,9.24999999899,1981.24999999799,1982.49999999799,NA
243,247,1.833333333,-80.0496765641919,42.1815834224036,-80.17522772368,42.3151160684342,10.5,8.666666667,1980.666666666,1982.499999999,NA
278,279,0.833333333300001,-78.9593579460545,39.9120051052519,-78.640286160043,40.0554448307348,10.5,9.6666666667,1981.6666666657,1982.499999999,NA
283,286,0.25,-79.1253434383894,39.825898008434,-79.1574782661866,39.6965618679833,10.5,10.25,1982.249999999,1982.499999999,NA
379,136,0.666666334940032,-78.197575613568,39.0218210963378,-78.111159,39.156007,10.583333001,9.91666666606,1981.91666666506,1982.583333,103
379,380,0.666666666699996,-78.197575613568,39.0218210963378,-76.9551741616295,39.9366273295855,10.58333333276,9.91666666606,1981.91666666506,1982.58333333176,NA
350,354,2.166666667,-80.927989658108,39.8178463118735,-81.6029179662254,39.7507899470757,10.66666666803,8.50000000103,1980.50000000003,1982.66666666703,NA
334,92,2.66666700036996,-79.8174092383061,39.5752660190377,-79.2257558552664,40.7071188676284,10.666667001,8.00000000063,1979.99999999963,1982.666667,71
448,455,1.916666667,-80.1832260576255,38.5002611242155,-78.9296963060564,36.3895484684571,10.75000000033,8.83333333333,1980.83333333233,1982.74999999933,NA
391,150,7.83333300101004,-79.0601263957051,38.2112007001444,-78.6692418103181,41.9146900210091,10.833333001,2.99999999999,1974.99999999899,1982.833333,21
337,338,3.833333333,-79.3029129633499,39.4702404203888,-79.1699945260088,38.5708616885626,10.83333333403,7.00000000103,1979.00000000003,1982.83333333303,NA
354,355,0.25,-81.6029179662254,39.7507899470757,-81.3866958256293,39.7787232784111,10.91666666803,10.66666666803,1982.66666666703,1982.91666666703,NA
247,5,0.416667000999958,-80.17522772368,42.3151160684342,-80.0554309194709,42.4045082740022,10.916667001,10.5,1982.499999999,1982.916667,114
268,269,1.833333333,-79.1396649192217,42.6648534026985,-78.723717738871,42.6253379711693,11.0000000007,9.1666666677,1981.1666666667,1982.9999999997,NA
296,300,6.666666667,-80.1227500204787,37.8679987228229,-79.9410239501987,38.5375491084914,11.166666667,4.5,1976.499999999,1983.166666666,NA
298,55,2.41666700099996,-79.3971509819973,40.1322138943139,-79.579258,40.117477,11.166667001,8.75,1980.749999999,1983.166667,78
394,151,1.58333366800996,-77.1185411097623,39.9390769468065,-77.04611,39.765205,11.166667001,9.58333333299,1981.58333333199,1983.166667,92
338,339,0.416666666699999,-79.1699945260088,38.5708616885626,-79.3067797537598,38.5002358440291,11.25000000073,10.83333333403,1982.83333333303,1983.24999999973,NA
446,205,4.66666666767,-78.8576841547483,41.9284982501775,-78.6703018079403,41.9147805240493,11.250000001,6.58333333333,1978.58333333233,1983.25,50
269,270,0.333333333300004,-78.723717738871,42.6253379711693,-78.6798629644583,42.617763082085,11.333333334,11.0000000007,1982.9999999997,1983.333333333,NA
309,310,1.166666667,-77.0694544176129,39.7929396843715,-77.0083865305179,39.7670537734295,11.50000000033,10.33333333333,1982.33333333233,1983.49999999933,NA
455,462,0.75,-78.9296963060564,36.3895484684571,-78.7249948286084,36.3806571834419,11.50000000033,10.75000000033,1982.74999999933,1983.49999999933,NA
295,54,9.333333334,-79.5349651292226,39.173848969616,-81.100086,38.049935,11.500000001,2.166666667,1974.166666666,1983.5,13
355,356,0.583333333300001,-81.3866958256293,39.7787232784111,-80.9425305229782,39.6376076777814,11.50000000133,10.91666666803,1982.91666666703,1983.50000000033,NA
298,56,2.83333300100004,-79.3971509819973,40.1322138943139,-79.2242919833525,40.7010310218844,11.583333001,8.75,1980.749999999,1983.583333,79
366,367,1.833333333,-79.1528822341336,39.3082132663721,-79.0260168995878,39.0193082169115,11.58333333266,9.74999999966,1981.74999999866,1983.58333333166,NA
397,398,1.25,-78.412948488259,37.3454799503795,-78.3030582072053,38.0330226942805,11.66666666599,10.41666666599,1982.41666666499,1983.66666666499,NA
367,368,0.0833333333299997,-79.0260168995878,39.0193082169115,-78.9022215355807,39.0186828576532,11.66666666599,11.58333333266,1983.58333333166,1983.66666666499,NA
247,248,1.166666667,-80.17522772368,42.3151160684342,-78.2758581296141,42.2277102014665,11.666666667,10.5,1982.499999999,1983.666666666,NA
425,184,2.41666700100996,-78.3140814846512,37.3861037469523,-78.6437953542435,36.358564594845,11.666667001,9.24999999999,1981.24999999899,1983.666667,87
286,287,1.25,-79.1574782661866,39.6965618679833,-79.416831946998,39.2226882349139,11.75,10.5,1982.499999999,1983.749999999,NA
309,320,1.416666667,-77.0694544176129,39.7929396843715,-77.0327727617719,39.713334670416,11.75000000033,10.33333333333,1982.33333333233,1983.74999999933,NA
256,15,4.24999966800004,-81.7462422746677,40.2411790370773,-81.884454,39.517327,11.833333001,7.583333333,1979.583333332,1983.833333,63
382,384,1.833333333,-76.7765048794293,40.0411961692475,-76.6377431498103,40.2133733173294,11.83333333306,10.00000000006,1981.99999999906,1983.83333333206,NA
352,353,2.083333333,-81.275859013323,39.3894983209415,-81.4688918109035,38.4160058088103,11.83333333403,9.75000000103,1981.75000000003,1983.83333333303,NA
406,409,1.416666667,-78.3849331917279,37.5218657295715,-78.4954928907387,37.2988478723061,11.91666666599,10.49999999899,1982.49999999799,1983.91666666499,NA
248,249,0.25,-78.2758581296141,42.2277102014665,-78.2754758470471,42.2563005707088,11.916666667,11.666666667,1983.666666666,1983.916666666,NA
255,13,2.25000033399996,-79.495110513815,42.490873059855,-79.397522,42.57362,11.916667001,9.666666667,1981.666666666,1983.916667,96
320,321,0.25,-77.0327727617719,39.713334670416,-77.0377501043165,39.7330417524695,12.00000000033,11.75000000033,1983.74999999933,1983.99999999933,NA
447,207,4.50000000067,-79.841925614737,38.1147290797591,-79.5668714399717,38.0685447080086,12.000000001,7.50000000033,1979.49999999933,1984,60
380,138,1.49999966824004,-76.9551741616295,39.9366273295855,-76.907142,39.847914,12.083333001,10.58333333276,1982.58333333176,1984.083333,123
267,272,6.583333333,-79.2354109680937,43.1290224201326,-79.0966681904845,43.415864558961,12.0833333337,5.5000000007,1977.4999999997,1984.0833333327,NA
269,271,1.166666667,-78.723717738871,42.6253379711693,-78.9103226225474,42.8430503446819,12.1666666677,11.0000000007,1982.9999999997,1984.1666666667,NA
384,142,0.333333667939957,-76.6377431498103,40.2133733173294,-76.338949,40.211525,12.166667001,11.83333333306,1983.83333333206,1984.166667,160
249,7,0.333333333999995,-78.2754758470471,42.2563005707088,-78.610446,42.391506,12.250000001,11.916666667,1983.916666666,1984.25,165
339,97,1.08333300027003,-79.3067797537598,38.5002358440291,-79.222486,38.429866,12.333333001,11.25000000073,1983.24999999973,1984.333333,137
455,456,1.666666667,-78.9296963060564,36.3895484684571,-78.7472510256077,36.2100184411203,12.41666666733,10.75000000033,1982.74999999933,1984.41666666633,NA
345,346,7.25,-80.0432879443359,39.5315526276036,-79.3758280353277,42.5317453699219,12.41666666773,5.16666666773,1977.16666666673,1984.41666666673,NA
354,358,1.75,-81.6029179662254,39.7507899470757,-81.7956270979217,39.8201557629695,12.41666666803,10.66666666803,1982.66666666703,1984.41666666703,NA
349,108,4.50000033326996,-80.8202050987021,39.7819359910565,-81.200046,38.59639,12.416667001,7.91666666773,1979.91666666673,1984.416667,66
270,26,1.08333366699996,-78.6798629644583,42.617763082085,-78.6764198112857,41.9180231713666,12.416667001,11.333333334,1983.333333333,1984.416667,138
320,78,0.833333000670034,-77.0327727617719,39.713334670416,-76.910322,39.913926,12.583333001,11.75000000033,1983.74999999933,1984.583333,154
377,378,4.5,-78.1180396601459,38.9007323280479,-78.6410470683151,38.8498955984336,12.58333333306,8.08333333306,1980.08333333206,1984.58333333206,NA
446,206,6.08333366766996,-78.8576841547483,41.9284982501775,-79.383002,41.918389,12.666667001,6.58333333333,1978.58333333233,1984.666667,51
255,14,3.00000033399996,-79.495110513815,42.490873059855,-80.682928,41.672763,12.666667001,9.666666667,1981.666666666,1984.666667,97
356,114,1.16666699966996,-80.9425305229782,39.6376076777814,-82.0323654547228,39.0657597377831,12.666667001,11.50000000133,1983.50000000033,1984.666667,145
256,257,5.166666667,-81.7462422746677,40.2411790370773,-81.8095139385272,40.5751387788861,12.75,7.583333333,1979.583333332,1984.749999999,NA
358,117,0.333333332969996,-81.7956270979217,39.8201557629695,-82.30265,39.567396,12.750000001,12.41666666803,1984.41666666703,1984.75,174
346,347,0.333333333300001,-79.3758280353277,42.5317453699219,-79.3106706433035,42.5246289754975,12.75000000103,12.41666666773,1984.41666666673,1984.75000000003,NA
448,449,4,-80.1832260576255,38.5002611242155,-80.3203298572356,38.0727141931215,12.83333333333,8.83333333333,1980.83333333233,1984.83333333233,NA
425,426,3.666666667,-78.3140814846512,37.3861037469523,-78.4219846607004,37.5684214182882,12.91666666699,9.24999999999,1981.24999999899,1984.91666666599,NA
297,299,6.666666667,-79.8536942130709,37.8856572750564,-79.9160760603862,37.5992406019189,13,6.333333333,1978.333333332,1984.999999999,NA
456,215,0.666666333670037,-78.7472510256077,36.2100184411203,-79.260568,36.979,13.083333001,12.41666666733,1984.41666666633,1985.083333,177
249,250,1.166666667,-78.2754758470471,42.2563005707088,-78.2608343238531,42.2342865975328,13.083333334,11.916666667,1983.916666666,1985.083333333,NA
384,385,1.416666667,-76.6377431498103,40.2133733173294,-76.7420678710799,40.1275875515069,13.25000000006,11.83333333306,1983.83333333206,1985.24999999906,NA
409,410,1.416666667,-78.4954928907387,37.2988478723061,-78.4104618714041,37.3214383192658,13.33333333299,11.91666666599,1983.91666666499,1985.33333333199,NA
409,416,1.416666667,-78.4954928907387,37.2988478723061,-78.2196861462156,36.9669038018932,13.33333333299,11.91666666599,1983.91666666499,1985.33333333199,NA
410,411,0.166666666699999,-78.4104618714041,37.3214383192658,-78.5166067577491,37.2525772881392,13.49999999969,13.33333333299,1985.33333333199,1985.49999999869,NA
394,395,3.916666667,-77.1185411097623,39.9390769468065,-77.4479540347841,39.4200706887139,13.49999999999,9.58333333299,1981.58333333199,1985.49999999899,NA
337,95,6.49999999996999,-79.3029129633499,39.4702404203888,-79.887907,36.881601,13.500000001,7.00000000103,1979.00000000003,1985.5,55
381,139,5.91666666794,-79.204325241819,38.608375759337,-79.768955517787,38.1743466969463,13.500000001,7.58333333306,1979.58333333206,1985.5,65
406,407,3.083333333,-78.3849331917279,37.5218657295715,-79.6672688058102,37.7577271583424,13.58333333199,10.49999999899,1982.49999999799,1985.58333333099,NA
270,27,2.33333366699996,-78.6798629644583,42.617763082085,-77.736173,41.253347,13.666667001,11.333333334,1983.333333333,1985.666667,139
368,125,2.00000033500996,-78.9022215355807,39.0186828576532,-79.395231,37.965495,13.666667001,11.66666666599,1983.66666666499,1985.666667,153
272,30,1.58333366729996,-79.0966681904845,43.415864558961,-80.0519452157934,42.399561329891,13.666667001,12.0833333337,1984.0833333327,1985.666667,168
299,58,0.666667000999958,-79.9160760603862,37.5992406019189,-79.949033,37.795414,13.666667001,13,1984.999999999,1985.666667,189
449,450,0.916666666699999,-80.3203298572356,38.0727141931215,-80.2285397929673,38.1850591544958,13.75000000003,12.83333333333,1984.83333333233,1985.74999999903,NA
426,433,0.833333333300004,-78.4219846607004,37.5684214182882,-78.608105440892,37.8046149243484,13.75000000029,12.91666666699,1984.91666666599,1985.74999999929,NA
310,311,2.25,-77.0083865305179,39.7670537734295,-76.909011444382,39.9956511530581,13.75000000033,11.50000000033,1983.49999999933,1985.74999999933,NA
366,123,4.00000000134,-79.1528822341336,39.3082132663721,-78.813196,36.975207,13.750000001,9.74999999966,1981.74999999866,1985.75,98
352,110,3.99999999996999,-81.275859013323,39.3894983209415,-80.741743,37.703717,13.750000001,9.75000000103,1981.75000000003,1985.75,101
250,8,0.666666666999998,-78.2608343238531,42.2342865975328,-78.262101,42.401425,13.750000001,13.083333334,1985.083333333,1985.75,190
355,357,2.833333333,-81.3866958256293,39.7787232784111,-80.1760304287787,38.2428390444818,13.75000000103,10.91666666803,1982.91666666703,1985.75000000003,NA
279,37,3.33333300100004,-78.640286160043,40.0554448307348,-78.707854,41.27305,13.833333001,10.5,1982.499999999,1985.833333,119
462,463,2.416666667,-78.7249948286084,36.3806571834419,-78.4715686234901,35.9350339681081,13.91666666733,11.50000000033,1983.49999999933,1985.91666666633,NA
353,111,2.08333366696996,-81.4688918109035,38.4160058088103,-81.4295450955118,38.4394499803076,13.916667001,11.83333333403,1983.83333333303,1985.916667,158
449,208,1.08333366766996,-80.3203298572356,38.0727141931215,-80.080792,39.994235,13.916667001,12.83333333333,1984.83333333233,1985.916667,184
463,223,3.33669959218241e-07,-78.4715686234901,35.9350339681081,-78.471742,35.934701,13.916667001,13.91666666733,1985.91666666633,1985.916667,213
407,408,0.416666666700003,-79.6672688058102,37.7577271583424,-79.6801669559088,37.8105823281799,13.99999999869,13.58333333199,1985.58333333099,1985.99999999769,NA
310,67,2.58333300067003,-77.0083865305179,39.7670537734295,-77.283363,39.436398,14.083333001,11.50000000033,1983.49999999933,1986.083333,140
356,113,2.58333299967003,-80.9425305229782,39.6376076777814,-80.830801,39.590502,14.083333001,11.50000000133,1983.50000000033,1986.083333,144
243,244,5.416666667,-80.0496765641919,42.1815834224036,-82.2448874574669,38.8977284392345,14.083333334,8.666666667,1980.666666666,1986.083333333,NA
321,327,2.166666667,-77.0377501043165,39.7330417524695,-76.3375019603501,39.8767342201822,14.16666666733,12.00000000033,1983.99999999933,1986.16666666633,NA
463,222,0.250000333669959,-78.4715686234901,35.9350339681081,-78.76427,36.204722,14.166667001,13.91666666733,1985.91666666633,1986.166667,212
398,400,2.583333333,-78.3030582072053,38.0330226942805,-77.9937695864333,39.0163337500663,14.24999999899,11.66666666599,1983.66666666499,1986.24999999799,NA
287,45,2.500000001,-79.416831946998,39.2226882349139,-79.5437253116927,39.3238152461797,14.250000001,11.75,1983.749999999,1986.25,156
347,105,1.49999999996999,-79.3106706433035,42.5246289754975,-79.3554316231847,42.8230428694063,14.250000001,12.75000000103,1984.75000000003,1986.25,183
424,183,4.24999966801003,-79.0219206842738,38.4319208750038,-79.957969,41.05066,14.333333001,10.08333333299,1982.08333333199,1986.333333,107
400,157,0.0833330020100362,-77.9937695864333,39.0163337500663,-77.832229,38.961582,14.333333001,14.24999999899,1986.24999999799,1986.333333,221
244,245,0.25,-82.2448874574669,38.8977284392345,-82.0815460176648,38.9951119837773,14.333333334,14.083333334,1986.083333333,1986.333333333,NA
433,437,0.666666666699996,-78.608105440892,37.8046149243484,-78.609303557055,37.8396968300142,14.41666666699,13.75000000029,1985.74999999929,1986.41666666599,NA
416,417,1.416666667,-78.2196861462156,36.9669038018932,-78.3388248079676,36.7630121938283,14.74999999999,13.33333333299,1985.33333333199,1986.74999999899,NA
268,25,5.5833333333,-79.1396649192217,42.6648534026985,-79.397523,42.57362,14.750000001,9.1666666677,1981.1666666667,1986.75,85
338,96,3.91666666697,-79.1699945260088,38.5708616885626,-79.3727887812703,38.542807937522,14.750000001,10.83333333403,1982.83333333303,1986.75,128
395,153,1.25000000101,-77.4479540347841,39.4200706887139,-77.345789,39.536921,14.750000001,13.49999999999,1985.49999999899,1986.75,199
257,258,2.166666667,-81.8095139385272,40.5751387788861,-79.8670234703943,39.6468152937578,14.916666667,12.75,1984.749999999,1986.916666666,NA
245,2,0.666666666999998,-82.0815460176648,38.9951119837773,-82.0265161057635,39.063926354243,15.000000001,14.333333334,1986.333333333,1987,222
299,57,2.08333300100004,-79.9160760603862,37.5992406019189,-79.986684,37.624054,15.083333001,13,1984.999999999,1987.083333,188
397,154,4.75000033500996,-78.412948488259,37.3454799503795,-78.352365,37.43437,15.166667001,10.41666666599,1982.41666666499,1987.166667,113
408,165,1.16666700230996,-79.6801669559088,37.8105823281799,-79.650932,37.873364,15.166667001,13.99999999869,1985.99999999769,1987.166667,214
351,109,5.83333333327,-81.2502802794737,39.5166843436199,-81.524914,39.626346,15.250000001,9.41666666773,1981.41666666673,1987.25,91
411,167,1.75000000131,-78.5166067577491,37.2525772881392,-78.170236,37.099981,15.250000001,13.49999999969,1985.49999999869,1987.25,201
300,59,4.16666633400003,-79.9410239501987,38.5375491084914,-79.3716877587614,38.5406153573007,15.333333001,11.166666667,1983.166666666,1987.333333,135
357,116,1.58333299997003,-80.1760304287787,38.2428390444818,-80.299688,38.440587,15.333333001,13.75000000103,1985.75000000003,1987.333333,205
258,259,0.5,-79.8670234703943,39.6468152937578,-79.8482905602274,39.2424934475271,15.416666667,14.916666667,1986.916666666,1987.416666666,NA
257,16,2.66666700099996,-81.8095139385272,40.5751387788861,-81.896947,40.530682,15.416667001,12.75,1984.749999999,1987.416667,181
400,401,1.25,-77.9937695864333,39.0163337500663,-77.7935567914772,39.267374236082,15.49999999899,14.24999999899,1986.24999999799,1987.49999999799,NA
271,29,3.3333333333,-78.9103226225474,42.8430503446819,-79.3526495319446,42.8206121698377,15.500000001,12.1666666677,1984.1666666667,1987.5,171
244,1,1.416666667,-82.2448874574669,38.8977284392345,-81.4330154710588,38.4365300564281,15.500000001,14.083333334,1986.083333333,1987.5,216
398,399,3.916666667,-78.3030582072053,38.0330226942805,-79.081912779295,37.5499566949039,15.58333333299,11.66666666599,1983.66666666499,1987.58333333199,NA
462,464,4.166666667,-78.7249948286084,36.3806571834419,-78.4481761904164,35.7683461473551,15.66666666733,11.50000000033,1983.49999999933,1987.66666666633,NA
401,402,0.25,-77.7935567914772,39.267374236082,-77.7843827000451,39.28372966914,15.74999999899,15.49999999899,1987.49999999799,1987.74999999799,NA
258,17,0.833333333999995,-79.8670234703943,39.6468152937578,-79.794176,39.638853,15.750000001,14.916666667,1986.916666666,1987.75,228
402,403,0.0833333333299997,-77.7843827000451,39.28372966914,-78.0785703174599,38.8295614321836,15.83333333232,15.74999999899,1987.74999999799,1987.83333333132,NA
250,251,2.75,-78.2608343238531,42.2342865975328,-78.0424752101471,42.5544467299111,15.833333334,13.083333334,1985.083333333,1987.833333333,NA
347,348,3.083333333,-79.3106706433035,42.5246289754975,-79.4007311154886,42.5124808222433,15.83333333403,12.75000000103,1984.75000000003,1987.83333333303,NA
450,209,2.16666700096996,-80.2285397929673,38.1850591544958,-80.179189,38.598081,15.916667001,13.75000000003,1985.74999999903,1987.916667,208
417,175,1.16666700100996,-78.3388248079676,36.7630121938283,-78.612942,37.028682,15.916667001,14.74999999999,1986.74999999899,1987.916667,226
279,280,5.5,-78.640286160043,40.0554448307348,-76.6866228382107,40.1586537402082,16,10.5,1982.499999999,1987.999999999,NA
271,28,3.8333333333,-78.9103226225474,42.8430503446819,-77.357393,41.929016,16.000000001,12.1666666677,1984.1666666667,1988,170
426,427,3.25,-78.4219846607004,37.5684214182882,-78.0809770823907,35.0471541802023,16.16666666699,12.91666666699,1984.91666666599,1988.16666666599,NA
259,18,0.750000333999957,-79.8482905602274,39.2424934475271,-79.86899,39.188515,16.166667001,15.416666667,1987.416666666,1988.166667,230
402,404,0.5,-77.7843827000451,39.28372966914,-77.9024499012801,39.1863353102659,16.24999999899,15.74999999899,1987.74999999799,1988.24999999799,NA
280,281,0.25,-76.6866228382107,40.1586537402082,-76.644667121113,40.1233485686902,16.25,16,1987.999999999,1988.249999999,NA
417,418,1.666666667,-78.3388248079676,36.7630121938283,-78.5232385231843,36.9030650303946,16.41666666699,14.74999999999,1986.74999999899,1988.41666666599,NA
287,288,4.666666667,-79.416831946998,39.2226882349139,-78.5304023958984,38.6250735691629,16.416666667,11.75,1983.749999999,1988.416666666,NA
464,465,0.75,-78.4481761904164,35.7683461473551,-78.5313451766879,35.8425991581398,16.41666666733,15.66666666733,1987.66666666633,1988.41666666633,NA
407,164,2.83333366900996,-79.6672688058102,37.7577271583424,-79.7732356103185,38.1696922934438,16.416667001,13.58333333199,1985.58333333099,1988.416667,202
327,85,2.25000033366996,-76.3375019603501,39.8767342201822,-76.388683,40.214193,16.416667001,14.16666666733,1986.16666666633,1988.416667,218
281,39,0.166667000999958,-76.644667121113,40.1233485686902,-76.713196,39.992414,16.416667001,16.25,1988.249999999,1988.416667,253
418,421,0.0833333333299997,-78.5232385231843,36.9030650303946,-78.4422755435949,36.9877347885143,16.50000000032,16.41666666699,1988.41666666599,1988.49999999932,NA
333,91,12.08333333337,-79.8541598902422,39.6232314416311,-82.30265,39.567395,16.500000001,4.41666666763,1976.41666666663,1988.5,31
378,134,3.91666666794,-78.6410470683151,38.8498955984336,-77.326469,40.562789,16.500000001,12.58333333306,1984.58333333206,1988.5,178
251,252,0.75,-78.0424752101471,42.5544467299111,-78.0679923495708,42.6071748234884,16.583333334,15.833333334,1987.833333333,1988.583333333,NA
421,179,0.166667000679961,-78.4422755435949,36.9877347885143,-78.497927,37.135922,16.666667001,16.50000000032,1988.49999999932,1988.666667,261
401,158,1.25000000201,-77.7935567914772,39.267374236082,-77.5268,39.561755,16.750000001,15.49999999899,1987.49999999799,1988.75,232
353,112,4.99999966697003,-81.4688918109035,38.4160058088103,-80.741743,37.703716,16.833333001,11.83333333403,1983.83333333303,1988.833333,159
408,166,2.83333300231003,-79.6801669559088,37.8105823281799,-79.775228,37.410032,16.833333001,13.99999999869,1985.99999999769,1988.833333,215
403,160,0.999999668680036,-78.0785703174599,38.8295614321836,-78.023589,38.804925,16.833333001,15.83333333232,1987.83333333132,1988.833333,245
456,457,4.416666667,-78.7472510256077,36.2100184411203,-78.2317877885908,36.6698282168863,16.83333333433,12.41666666733,1984.41666666633,1988.83333333333,NA
357,115,3.16666699996996,-80.1760304287787,38.2428390444818,-80.408507,37.423531,16.916667001,13.75000000103,1985.75000000003,1988.916667,204
288,47,0.500000333999957,-78.5304023958984,38.6250735691629,-77.539885,39.451438,16.916667001,16.416666667,1988.416666666,1988.916667,255
321,322,5,-77.0377501043165,39.7330417524695,-77.3459321710696,39.6165208829765,17.00000000033,12.00000000033,1983.99999999933,1988.99999999933,NA
346,104,4.66666633327003,-79.3758280353277,42.5317453699219,-80.178958,40.929332,17.083333001,12.41666666773,1984.41666666673,1989.083333,173
411,412,3.583333333,-78.5166067577491,37.2525772881392,-78.5104560396313,37.1476772025048,17.08333333269,13.49999999969,1985.49999999869,1989.08333333169,NA
433,434,3.333333333,-78.608105440892,37.8046149243484,-78.4664179038552,36.7608619864992,17.08333333329,13.75000000029,1985.74999999929,1989.08333333229,NA
322,324,0.0833333333299997,-77.3459321710696,39.6165208829765,-77.3689701507125,39.5903511315183,17.08333333366,17.00000000033,1988.99999999933,1989.08333333266,NA
418,419,0.666666666699999,-78.5232385231843,36.9030650303946,-78.6840579890638,37.4266070438652,17.08333333369,16.41666666699,1988.41666666599,1989.08333333269,NA
358,359,4.666666667,-81.7956270979217,39.8201557629695,-80.4436363899682,38.6468434146212,17.08333333503,12.41666666803,1984.41666666703,1989.08333333403,NA
410,413,3.916666667,-78.4104618714041,37.3214383192658,-77.9503646353511,39.7124181569516,17.24999999999,13.33333333299,1985.33333333199,1989.24999999899,NA
324,325,0.166666666699999,-77.3689701507125,39.5903511315183,-77.3954162614065,39.7475325314136,17.25000000036,17.08333333366,1989.08333333266,1989.24999999936,NA
277,36,11.9999996673,-78.7906125136407,39.1803460695461,-79.5458983980813,39.3241996901376,17.333333001,5.3333333337,1977.3333333327,1989.333333,41
380,137,6.74999966824004,-76.9551741616295,39.9366273295855,-77.178591,39.490271,17.333333001,10.58333333276,1982.58333333176,1989.333333,122
378,135,4.74999966794003,-78.6410470683151,38.8498955984336,-78.62162,38.945685,17.333333001,12.58333333306,1984.58333333206,1989.333333,179
419,176,0.249999667310039,-78.6840579890638,37.4266070438652,-78.546418,36.487307,17.333333001,17.08333333369,1989.08333333269,1989.333333,275
385,386,4.083333333,-76.7420678710799,40.1275875515069,-76.7374444933595,40.0948476892623,17.33333333306,13.25000000006,1985.24999999906,1989.33333333206,NA
307,308,8.333333333,-78.6885013718272,38.9330920860766,-79.3379287396526,38.2211228714317,17.33333333333,9.00000000033,1980.99999999933,1989.33333333233,NA
327,328,3.166666667,-76.3375019603501,39.8767342201822,-76.2384218987554,40.2645577941566,17.33333333433,14.16666666733,1986.16666666633,1989.33333333333,NA
419,420,0.333333333300001,-78.6840579890638,37.4266070438652,-78.6512675343021,37.4035768941134,17.41666666699,17.08333333369,1989.08333333269,1989.41666666599,NA
404,405,1.25,-77.9024499012801,39.1863353102659,-77.8157846592757,39.2319915873475,17.49999999899,16.24999999899,1988.24999999799,1989.49999999799,NA
437,438,3.083333333,-78.609303557055,37.8396968300142,-78.4790063701019,37.7559491652132,17.49999999999,14.41666666699,1986.41666666599,1989.49999999899,NA
311,312,3.75,-76.909011444382,39.9956511530581,-77.1081755187334,39.6822297969774,17.50000000033,13.75000000033,1985.74999999933,1989.49999999933,NA
322,323,0.5,-77.3459321710696,39.6165208829765,-78.0877723892231,39.5651351521293,17.50000000033,17.00000000033,1988.99999999933,1989.49999999933,NA
434,192,0.499999667710036,-78.4664179038552,36.7608619864992,-78.861173,37.159151,17.583333001,17.08333333329,1989.08333333229,1989.583333,273
283,284,7.416666667,-79.1253434383894,39.825898008434,-75.919470630308,40.7446341642104,17.666666667,10.25,1982.249999999,1989.666666666,NA
427,185,1.50000033400996,-78.0809770823907,35.0471541802023,-78.070021,34.819845,17.666667001,16.16666666699,1988.16666666599,1989.666667,248
404,161,1.58333300201004,-77.9024499012801,39.1863353102659,-79.01419,38.742061,17.833333001,16.24999999899,1988.24999999799,1989.833333,251
413,170,0.583333001010036,-77.9503646353511,39.7124181569516,-78.053827,39.500989,17.833333001,17.24999999999,1989.24999999899,1989.833333,279
434,435,0.833333333300001,-78.4664179038552,36.7608619864992,-78.9099582871289,36.6174401136799,17.91666666659,17.08333333329,1989.08333333229,1989.91666666559,NA
248,6,6.25000033399996,-78.2758581296141,42.2277102014665,-79.155502,42.549455,17.916667001,11.666666667,1983.666666666,1989.916667,150
403,159,2.08333366867996,-78.0785703174599,38.8295614321836,-78.3282130771755,38.90764292942,17.916667001,15.83333333232,1987.83333333132,1989.916667,244
359,118,0.916666665969995,-80.4436363899682,38.6468434146212,-80.483732,38.770768,18.000000001,17.08333333503,1989.08333333403,1990,268
416,174,4.74999966801004,-78.2196861462156,36.9669038018932,-76.825816,39.811406,18.083333001,13.33333333299,1985.33333333199,1990.083333,195
386,387,0.833333333300001,-76.7374444933595,40.0948476892623,-76.7858395089645,40.0801071925784,18.16666666636,17.33333333306,1989.33333333206,1990.16666666536,NA
435,436,0.25,-78.9099582871289,36.6174401136799,-78.900877438024,36.5483099050206,18.16666666659,17.91666666659,1989.91666666559,1990.16666666559,NA
382,383,8.25,-76.7765048794293,40.0411961692475,-77.0506434053085,40.2107240261217,18.25000000006,10.00000000006,1981.99999999906,1990.24999999906,NA
252,10,1.666666667,-78.0679923495708,42.6071748234884,-77.223847,41.902912,18.250000001,16.583333334,1988.583333333,1990.25,263
435,193,0.333333334409996,-78.9099582871289,36.6174401136799,-78.933512,36.753952,18.250000001,17.91666666659,1989.91666666559,1990.25,301
386,388,1.083333333,-76.7374444933595,40.0948476892623,-76.7513249703807,40.218057758938,18.41666666606,17.33333333306,1989.33333333206,1990.41666666506,NA
464,466,2.75,-78.4481761904164,35.7683461473551,-78.269675097807,35.5451687805577,18.41666666733,15.66666666733,1987.66666666633,1990.41666666633,NA
412,168,1.33333366830996,-78.5104560396313,37.1476772025048,-78.47744,36.640199,18.416667001,17.08333333269,1989.08333333169,1990.416667,270
388,146,3.34939958435143e-07,-76.7513249703807,40.218057758938,-76.751061,40.218148,18.416667001,18.41666666606,1990.41666666506,1990.416667,310
348,107,2.66666666697,-79.4007311154886,42.5124808222433,-79.351467,42.820584,18.500000001,15.83333333403,1987.83333333303,1990.5,241
308,66,1.16666666766999,-79.3379287396526,38.2211228714317,-79.349181,38.328507,18.500000001,17.33333333333,1989.33333333233,1990.5,283
399,155,2.99999966801004,-79.081912779295,37.5499566949039,-78.663879,35.903314,18.583333001,15.58333333299,1987.58333333199,1990.583333,234
325,326,1.333333333,-77.3954162614065,39.7475325314136,-77.4256956342785,39.5434534238375,18.58333333336,17.25000000036,1989.24999999936,1990.58333333236,NA
245,246,4.25,-82.0815460176648,38.9951119837773,-78.1981575653656,40.6840639441701,18.583333334,14.333333334,1986.333333333,1990.583333333,NA
364,122,14.66666700134,-79.4581793675338,39.1987516768504,-80.306391,40.353631,18.666667001,3.99999999966,1975.99999999866,1990.666667,24
328,86,1.33333366666996,-76.2384218987554,40.2645577941566,-76.2123,40.391036,18.666667001,17.33333333433,1989.33333333333,1990.666667,286
286,289,8.416666667,-79.1574782661866,39.6965618679833,-81.9565797546926,40.3812929717918,18.916666667,10.5,1982.499999999,1990.916666666,NA
368,124,7.25000033500996,-78.9022215355807,39.0186828576532,-78.710518,40.227046,18.916667001,11.66666666599,1983.66666666499,1990.916667,152
395,152,5.41666700100996,-77.4479540347841,39.4200706887139,-76.630211,40.082056,18.916667001,13.49999999999,1985.49999999899,1990.916667,198
465,224,2.50000033366996,-78.5313451766879,35.8425991581398,-78.028412,34.542499,18.916667001,16.41666666733,1988.41666666633,1990.916667,258
438,196,1.58333300101004,-78.4790063701019,37.7559491652132,-78.571388,37.992472,19.083333001,17.49999999999,1989.49999999899,1991.083333,292
383,141,0.833333000940037,-77.0506434053085,40.2107240261217,-77.0577,40.114956,19.083333001,18.25000000006,1990.24999999906,1991.083333,307
339,340,7.916666667,-79.3067797537598,38.5002358440291,-79.6367692748827,38.3076375829553,19.16666666773,11.25000000073,1983.24999999973,1991.16666666673,NA
288,46,2.75000033399996,-78.5304023958984,38.6250735691629,-78.417123,38.741452,19.166667001,16.416666667,1988.416666666,1991.166667,254
300,301,8.083333333,-79.9410239501987,38.5375491084914,-82.1404910294466,38.946262969145,19.25,11.166666667,1983.166666666,1991.249999999,NA
421,422,2.75,-78.4422755435949,36.9877347885143,-78.5096481273833,36.911591265396,19.25000000032,16.50000000032,1988.49999999932,1991.24999999932,NA
348,106,3.41666666697,-79.4007311154886,42.5124808222433,-78.01625,41.940859,19.250000001,15.83333333403,1987.83333333303,1991.25,240
312,313,1.833333333,-77.1081755187334,39.6822297969774,-76.6790105103108,39.8055383514837,19.33333333333,17.50000000033,1989.49999999933,1991.33333333233,NA
284,285,1.666666667,-75.919470630308,40.7446341642104,-75.8914796027182,40.8833511761914,19.333333334,17.666666667,1989.666666666,1991.333333333,NA
340,341,0.166666666699999,-79.6367692748827,38.3076375829553,-79.6152807452015,38.4669161135338,19.33333333443,19.16666666773,1991.16666666673,1991.33333333343,NA
405,162,1.91666700200996,-77.8157846592757,39.2319915873475,-78.184219,37.045045,19.416667001,17.49999999899,1989.49999999799,1991.416667,294
405,163,1.91666700200996,-77.8157846592757,39.2319915873475,-77.389219,39.506499,19.416667001,17.49999999899,1989.49999999799,1991.416667,295
387,144,1.41666633464003,-76.7858395089645,40.0801071925784,-75.58343,40.867456,19.583333001,18.16666666636,1990.16666666536,1991.583333,302
272,273,7.5,-79.0966681904845,43.415864558961,-78.1657937226021,42.8322511280124,19.5833333337,12.0833333337,1984.0833333327,1991.5833333327,NA
328,329,2.333333333,-76.2384218987554,40.2645577941566,-76.0725528122133,40.0770712800074,19.66666666733,17.33333333433,1989.33333333333,1991.66666666633,NA
259,260,4.333333333,-79.8482905602274,39.2424934475271,-79.6945228025257,38.1461891982115,19.75,15.416666667,1987.416666666,1991.749999999,NA
420,177,2.41666633401004,-78.6512675343021,37.4035768941134,-78.549904,37.615702,19.833333001,17.41666666699,1989.41666666599,1991.833333,288
422,181,0.583333000680039,-78.5096481273833,36.911591265396,-78.545951,37.114898,19.833333001,19.25000000032,1991.24999999932,1991.833333,323
312,314,2.416666667,-77.1081755187334,39.6822297969774,-76.7943251389375,39.9716159386352,19.91666666733,17.50000000033,1989.49999999933,1991.91666666633,NA
334,335,12,-79.8174092383061,39.5752660190377,-79.8524672040964,38.476834128425,20.00000000063,8.00000000063,1979.99999999963,1991.99999999963,NA
457,459,3.333333333,-78.2317877885908,36.6698282168863,-78.0976061097349,36.8858554387645,20.16666666733,16.83333333433,1988.83333333333,1992.16666666633,NA
280,38,4.16666700099996,-76.6866228382107,40.1586537402082,-76.27923,41.182455,20.166667001,16,1987.999999999,1992.166667,246
465,225,3.83333333367,-78.5313451766879,35.8425991581398,-78.466393,36.907568,20.250000001,16.41666666733,1988.41666666633,1992.25,259
387,145,2.08333333464,-76.7858395089645,40.0801071925784,-77.442932,39.59283,20.250000001,18.16666666636,1990.16666666536,1992.25,303
341,99,0.916666666569995,-79.6152807452015,38.4669161135338,-79.377123,38.785569,20.250000001,19.33333333443,1991.33333333343,1992.25,329
323,79,2.83333300067003,-78.0877723892231,39.5651351521293,-78.3283359979701,38.9153759358963,20.333333001,17.50000000033,1989.49999999933,1992.333333,296
273,31,0.749999667300035,-78.1657937226021,42.8322511280124,-78.262103,42.401425,20.333333001,19.5833333337,1991.5833333327,1992.333333,330
311,315,6.583333333,-76.909011444382,39.9956511530581,-76.8176697170769,40.1277725691298,20.33333333333,13.75000000033,1985.74999999933,1992.33333333233,NA
285,43,1.24999966700003,-75.8914796027182,40.8833511761914,-75.521104,40.819056,20.583333001,19.333333334,1991.333333333,1992.583333,326
437,439,6.166666667,-78.609303557055,37.8396968300142,-80.5330431377843,40.4002363992612,20.58333333399,14.41666666699,1986.41666666599,1992.58333333299,NA
314,71,0.750000333669956,-76.7943251389375,39.9716159386352,-76.840122,39.907367,20.666667001,19.91666666733,1991.91666666633,1992.666667,342
289,290,1.833333333,-81.9565797546926,40.3812929717918,-81.9026958301342,40.3425802113631,20.75,18.916666667,1990.916666666,1992.749999999,NA
427,428,4.75,-78.0809770823907,35.0471541802023,-78.0106800952387,34.2254459459097,20.91666666699,16.16666666699,1988.16666666599,1992.91666666599,NA
450,451,7.166666667,-80.2285397929673,38.1850591544958,-77.0634012388691,39.4851072368839,20.91666666703,13.75000000003,1985.74999999903,1992.91666666603,NA
466,467,2.583333333,-78.269675097807,35.5451687805577,-78.3419798399949,35.0030122677809,21.00000000033,18.41666666733,1990.41666666633,1992.99999999933,NA
459,460,0.833333333300001,-78.0976061097349,36.8858554387645,-78.3696450099288,36.2635103737898,21.00000000063,20.16666666733,1992.16666666633,1992.99999999963,NA
436,195,2.83333333441,-78.900877438024,36.5483099050206,-78.735455,36.702468,21.000000001,18.16666666659,1990.16666666559,1993,305
251,253,5.22165094070432,-78.0424752101471,42.5544467299111,-77.6007251810962,42.1339453082741,21.0549842747043,15.833333334,1987.833333333,1993.0549842737,NA
428,186,0.166666334010038,-78.0106800952387,34.2254459459097,-78.065386,34.585193,21.083333001,20.91666666699,1992.91666666599,1993.083333,353
253,12,0.028348726295718,-77.6007251810962,42.1339453082741,-78.368921,41.264735,21.083333001,21.0549842747043,1993.0549842737,1993.083333,359
439,440,0.5,-80.5330431377843,40.4002363992612,-80.6138442514439,40.3860948624616,21.08333333399,20.58333333399,1992.58333333299,1993.08333333299,NA
367,369,9.583333333,-79.0260168995878,39.0193082169115,-77.8007302461303,36.1677181552824,21.16666666566,11.58333333266,1983.58333333166,1993.16666666466,NA
301,302,2,-82.1404910294466,38.946262969145,-80.890383842571,38.5363063334129,21.25,19.25,1991.249999999,1993.249999999,NA
340,342,2.083333333,-79.6367692748827,38.3076375829553,-79.6451435092117,38.3109869735744,21.25000000073,19.16666666773,1991.16666666673,1993.24999999973,NA
420,178,3.83333333401,-78.6512675343021,37.4035768941134,-78.995557,37.445373,21.250000001,17.41666666699,1989.41666666599,1993.25,289
383,140,3.00000000094,-77.0506434053085,40.2107240261217,-76.993926,39.629136,21.250000001,18.25000000006,1990.24999999906,1993.25,306
290,292,0.666666666699999,-81.9026958301342,40.3425802113631,-82.0060328416974,40.2221815436194,21.4166666667,20.75,1992.749999999,1993.4166666657,NA
260,261,1.666666667,-79.6945228025257,38.1461891982115,-79.6822924284614,37.9783266364532,21.416666667,19.75,1991.749999999,1993.416666666,NA
289,48,2.583333334,-81.9565797546926,40.3812929717918,-81.896948,40.530681,21.500000001,18.916666667,1990.916666666,1993.5,316
359,360,4.416666667,-80.4436363899682,38.6468434146212,-80.4669204308184,38.4538035507021,21.50000000203,17.08333333503,1989.08333333403,1993.50000000103,NA
253,11,0.528348726295718,-77.6007251810962,42.1339453082741,-78.324464,41.600603,21.583333001,21.0549842747043,1993.0549842737,1993.583333,358
315,316,1.416666667,-76.8176697170769,40.1277725691298,-76.6489716619494,40.2063658403719,21.75000000033,20.33333333333,1992.33333333233,1993.74999999933,NA
252,9,5.166666667,-78.0679923495708,42.6071748234884,-77.662392,42.277729,21.750000001,16.583333334,1988.583333333,1993.75,262
439,198,1.16666666701,-80.5330431377843,40.4002363992612,-81.004712,40.546457,21.750000001,20.58333333399,1992.58333333299,1993.75,346
460,461,0.81827941070477,-78.3696450099288,36.2635103737898,-78.2595443705254,35.7480698864495,21.8182794113348,21.00000000063,1992.99999999963,1993.81827941033,NA
461,220,0.0150535896652659,-78.2595443705254,35.7480698864495,-78.253968,35.76625,21.833333001,21.8182794113348,1993.81827941033,1993.833333,376
302,303,0.666666666699999,-80.890383842571,38.5363063334129,-80.8902603961803,38.5573079053666,21.9166666667,21.25,1993.249999999,1993.9166666657,NA
360,119,0.416666998969955,-80.4669204308184,38.4538035507021,-80.431638,38.649692,21.916667001,21.50000000203,1993.50000000103,1993.916667,372
436,194,3.83333333441,-78.900877438024,36.5483099050206,-78.593749,35.196355,22.000000001,18.16666666659,1990.16666666559,1994,304
326,83,3.41666666764,-77.4256956342785,39.5434534238375,-78.000096,39.646191,22.000000001,18.58333333336,1990.58333333236,1994,314
460,219,1.00000000037,-78.3696450099288,36.2635103737898,-78.101221,34.922102,22.000000001,21.00000000063,1992.99999999963,1994,356
261,20,0.583333333999995,-79.6822924284614,37.9783266364532,-79.5596426528545,38.0666073029984,22.000000001,21.416666667,1993.416666666,1994,369
466,226,3.66666633367004,-78.269675097807,35.5451687805577,-78.670562926514,35.4186907214883,22.083333001,18.41666666733,1990.41666666633,1994.083333,309
281,282,5.833333333,-76.644667121113,40.1233485686902,-76.4937415480412,40.5121140594782,22.083333333,16.25,1988.249999999,1994.083333332,NA
260,262,2.333333333,-79.6945228025257,38.1461891982115,-79.6930831125471,38.4284441139092,22.083333333,19.75,1991.749999999,1994.083333332,NA
360,361,0.583333333300001,-80.4669204308184,38.4538035507021,-80.330960324843,38.3852479903204,22.08333333533,21.50000000203,1993.50000000103,1994.08333333433,NA
284,42,4.583333334,-75.919470630308,40.7446341642104,-76.212471,41.021708,22.250000001,17.666666667,1989.666666666,1994.25,298
341,98,2.91666666657,-79.6152807452015,38.4669161135338,-81.553008,39.018294,22.250000001,19.33333333443,1991.33333333343,1994.25,328
246,3,3.83333366699996,-78.1981575653656,40.6840639441701,-78.112355,41.590086,22.416667001,18.583333334,1990.583333333,1994.416667,312
369,371,1.333333333,-77.8007302461303,36.1677181552824,-78.2064913619503,35.4777780739624,22.49999999866,21.16666666566,1993.16666666466,1994.49999999766,NA
323,80,5.00000000067,-78.0877723892231,39.5651351521293,-77.251132,39.477326,22.500000001,17.50000000033,1989.49999999933,1994.5,297
451,452,1.75,-77.0634012388691,39.4851072368839,-76.6436046999255,39.6880046824324,22.66666666703,20.91666666703,1992.91666666603,1994.66666666603,NA
325,82,5.41666700063996,-77.3954162614065,39.7475325314136,-76.747798,39.853594,22.666667001,17.25000000036,1989.24999999936,1994.666667,281
326,84,4.08333366763996,-77.4256956342785,39.5434534238375,-76.819861,40.768212,22.666667001,18.58333333336,1990.58333333236,1994.666667,315
246,4,4.08333366699996,-78.1981575653656,40.6840639441701,-77.822433,39.562529,22.666667001,18.583333334,1990.583333333,1994.666667,313
461,221,0.848387589665188,-78.2595443705254,35.7480698864495,-78.469017,36.978733,22.666667001,21.8182794113348,1993.81827941033,1994.666667,377
459,218,2.75000033366996,-78.0976061097349,36.8858554387645,-78.08112,36.953586,22.916667001,20.16666666733,1992.16666666633,1994.916667,340
335,94,3.08333300037003,-79.8524672040964,38.476834128425,-80.126973,38.105603,23.083333001,20.00000000063,1991.99999999963,1995.083333,339
262,263,1.083333333,-79.6930831125471,38.4284441139092,-79.7102826891709,38.4255985906409,23.166666666,22.083333333,1994.083333332,1995.166666665,NA
316,317,1.5,-76.6489716619494,40.2063658403719,-76.5991597127487,40.0637852037101,23.25000000033,21.75000000033,1993.74999999933,1995.24999999933,NA
412,169,6.16666666831,-78.5104560396313,37.1476772025048,-79.720758,37.689626,23.250000001,17.08333333269,1989.08333333169,1995.25,271
342,100,2.00000000027,-79.6451435092117,38.3109869735744,-79.743873,38.546708,23.250000001,21.25000000073,1993.24999999973,1995.25,365
316,73,1.58333300067003,-76.6489716619494,40.2063658403719,-76.833677,39.876999,23.333333001,21.75000000033,1993.74999999933,1995.333333,375
292,293,2,-82.0060328416974,40.2221815436194,-81.9560385376021,40.2730473189929,23.4166666667,21.4166666667,1993.4166666657,1995.4166666657,NA
452,453,0.75,-76.6436046999255,39.6880046824324,-76.7387899937106,39.8066433309466,23.41666666703,22.66666666703,1994.66666666603,1995.41666666603,NA
467,469,2.416666667,-78.3419798399949,35.0030122677809,-78.0552987041572,35.1712791040156,23.41666666733,21.00000000033,1992.99999999933,1995.41666666633,NA
302,61,2.16666700099996,-80.890383842571,38.5363063334129,-81.862268,39.498922,23.416667001,21.25,1993.249999999,1995.416667,366
371,128,0.916667002339956,-78.2064913619503,35.4777780739624,-78.318458,35.530384,23.416667001,22.49999999866,1994.49999999766,1995.416667,386
262,21,1.58333366799996,-79.6930831125471,38.4284441139092,-79.653133,38.308496,23.666667001,22.083333333,1994.083333332,1995.666667,382
308,65,6.41666666766999,-79.3379287396526,38.2211228714317,-78.335176,39.254734,23.750000001,17.33333333333,1989.33333333233,1995.75,282
422,180,4.50000000068,-78.5096481273833,36.911591265396,-78.324093,35.978694,23.750000001,19.25000000032,1991.24999999932,1995.75,322
285,44,4.49999966700003,-75.8914796027182,40.8833511761914,-76.080056,40.381445,23.833333001,19.333333334,1991.333333333,1995.833333,327
413,414,6.583333333,-77.9503646353511,39.7124181569516,-77.0386213346049,41.4210649076891,23.83333333299,17.24999999999,1989.24999999899,1995.83333333199,NA
453,454,0.416666666699999,-76.7387899937106,39.8066433309466,-76.8833213534163,39.7570754235308,23.83333333373,23.41666666703,1995.41666666603,1995.83333333273,NA
263,264,1.083333333,-79.7102826891709,38.4255985906409,-80.8185538148917,39.1065322567109,24.249999999,23.166666666,1995.166666665,1996.249999998,NA
428,429,3.333333333,-78.0106800952387,34.2254459459097,-78.0394813051644,34.327433387745,24.24999999999,20.91666666699,1992.91666666599,1996.24999999899,NA
452,211,1.58333333397,-76.6436046999255,39.6880046824324,-77.032186,39.805967,24.250000001,22.66666666703,1994.66666666603,1996.25,389
429,431,0.0833333333299997,-78.0394813051644,34.327433387745,-78.0354803698224,34.328465891106,24.33333333332,24.24999999999,1996.24999999899,1996.33333333232,NA
317,318,1.25,-76.5991597127487,40.0637852037101,-76.2171502314752,40.3148235029032,24.50000000033,23.25000000033,1995.24999999933,1996.49999999933,NA
451,210,3.58333333397,-77.0634012388691,39.4851072368839,-77.861509,39.181582,24.500000001,20.91666666703,1992.91666666603,1996.5,350
264,24,0.250000002,-80.8185538148917,39.1065322567109,-80.7997811687108,38.9972825842663,24.500000001,24.249999999,1996.249999998,1996.5,409
282,40,2.49999966800004,-76.4937415480412,40.5121140594782,-76.638054,40.022054,24.583333001,22.083333333,1994.083333332,1996.583333,380
369,370,3.416666667,-77.8007302461303,36.1677181552824,-78.1124311007089,35.3890685557106,24.58333333266,21.16666666566,1993.16666666466,1996.58333333166,NA
371,372,2.166666667,-78.2064913619503,35.4777780739624,-78.2074276695402,35.6995939383144,24.66666666566,22.49999999866,1994.49999999766,1996.66666666466,NA
329,87,5.00000033366996,-76.0725528122133,40.0770712800074,-76.103336,40.389543,24.666667001,19.66666666733,1991.66666666633,1996.666667,333
303,304,2.833333333,-80.8902603961803,38.5573079053666,-82.3542062040883,39.732421791366,24.7499999997,21.9166666667,1993.9166666657,1996.7499999987,NA
318,319,0.25,-76.2171502314752,40.3148235029032,-76.184844655566,40.299860874956,24.75000000033,24.50000000033,1996.49999999933,1996.74999999933,NA
399,156,9.16666666801,-79.081912779295,37.5499566949039,-80.467607,39.309604,24.750000001,15.58333333299,1987.58333333199,1996.75,235
438,197,7.25000000101,-78.4790063701019,37.7559491652132,-78.713181,37.004473,24.750000001,17.49999999999,1989.49999999899,1996.75,293
467,468,3.833333333,-78.3419798399949,35.0030122677809,-78.5479096120722,36.3077078695212,24.83333333333,21.00000000033,1992.99999999933,1996.83333333233,NA
342,343,3.583333333,-79.6451435092117,38.3109869735744,-78.9850777035096,37.7121911637452,24.83333333373,21.25000000073,1993.24999999973,1996.83333333273,NA
440,441,3.916666667,-80.6138442514439,40.3860948624616,-81.75797436442,40.288369402078,25.00000000099,21.08333333399,1993.08333333299,1996.99999999999,NA
315,72,4.66666666767,-76.8176697170769,40.1277725691298,-76.942847,39.8631,25.000000001,20.33333333333,1992.33333333233,1997,344
454,214,1.16666666727,-76.8833213534163,39.7570754235308,-76.952081,39.825842,25.000000001,23.83333333373,1995.83333333273,1997,405
318,75,0.666667000669957,-76.2171502314752,40.3148235029032,-75.916733,40.21114,25.166667001,24.50000000033,1996.49999999933,1997.166667,412
468,227,0.333333667669962,-78.5479096120722,36.3077078695212,-78.469158,36.20272,25.166667001,24.83333333333,1996.83333333233,1997.166667,422
388,389,6.833333333,-76.7513249703807,40.218057758938,-77.6894633679156,39.3028248057958,25.24999999906,18.41666666606,1990.41666666506,1997.24999999806,NA
431,432,0.916666666699999,-78.0354803698224,34.328465891106,-78.1830611099502,34.7583394019499,25.25000000002,24.33333333332,1996.33333333232,1997.24999999902,NA
457,458,8.5,-78.2317877885908,36.6698282168863,-78.5574311315351,35.5981245218959,25.33333333433,16.83333333433,1988.83333333333,1997.33333333333,NA
441,442,0.416666666699999,-81.75797436442,40.288369402078,-81.794987737282,40.2471532597585,25.41666666769,25.00000000099,1996.99999999999,1997.41666666669,NA
314,70,5.58333333366999,-76.7943251389375,39.9716159386352,-76.468758,41.057541,25.500000001,19.91666666733,1991.91666666633,1997.5,336
264,23,1.33333300200004,-80.8185538148917,39.1065322567109,-80.7996736528909,38.9918807086577,25.583333001,24.249999999,1996.249999998,1997.583333,408
432,191,0.333333000980041,-78.1830611099502,34.7583394019499,-78.113803,34.900266,25.583333001,25.25000000002,1997.24999999902,1997.583333,431
389,390,0.416666666699999,-77.6894633679156,39.3028248057958,-77.6095555595706,39.4367657990824,25.66666666576,25.24999999906,1997.24999999806,1997.66666666476,NA
261,19,4.41666633400003,-79.6822924284614,37.9783266364532,-79.460346,37.792421,25.833333001,21.416666667,1993.416666666,1997.833333,368
372,373,1.166666667,-78.2074276695402,35.6995939383144,-78.1729187424181,35.7316359246731,25.83333333266,24.66666666566,1996.66666666466,1997.83333333166,NA
304,64,1.33333300130004,-82.3542062040883,39.732421791366,-82.3228438738395,39.8314696093181,26.083333001,24.7499999997,1996.7499999987,1998.083333,419
441,443,1.083333333,-81.75797436442,40.288369402078,-82.0520338508026,40.2134861380347,26.08333333399,25.00000000099,1996.99999999999,1998.08333333299,NA
469,471,2.75,-78.0552987041572,35.1712791040156,-78.1481018694159,35.2080628004081,26.16666666733,23.41666666733,1995.41666666633,1998.16666666633,NA
361,120,4.08333366566995,-80.330960324843,38.3852479903204,-80.730386,38.134585,26.166667001,22.08333333533,1994.08333333433,1998.166667,384
440,199,5.16666666701,-80.6138442514439,40.3860948624616,-79.868989,39.188515,26.250000001,21.08333333399,1993.08333333299,1998.25,361
335,93,6.41666700036996,-79.8524672040964,38.476834128425,-78.822588,37.27639,26.416667001,20.00000000063,1991.99999999963,1998.416667,338
458,216,1.08333366666996,-78.5574311315351,35.5981245218959,-78.6737998618236,35.4094779244546,26.416667001,25.33333333433,1997.33333333333,1998.416667,432
429,430,2.25,-78.0394813051644,34.327433387745,-78.0042589726956,34.1762960766783,26.49999999999,24.24999999999,1996.24999999899,1998.49999999899,NA
319,76,1.91666700066996,-76.184844655566,40.299860874956,-76.23516,40.241013,26.666667001,24.75000000033,1996.74999999933,1998.666667,420
468,228,1.91666666767,-78.5479096120722,36.3077078695212,-78.380733,36.354175,26.750000001,24.83333333333,1996.83333333233,1998.75,423
390,148,1.16666633524004,-77.6095555595706,39.4367657990824,-77.509437,39.300657,26.833333001,25.66666666576,1997.66666666476,1998.833333,438
290,291,6.25,-81.9026958301342,40.3425802113631,-81.9899570100787,40.2843221904369,27,20.75,1992.749999999,1998.999999999,NA
292,51,5.5833333343,-82.0060328416974,40.2221815436194,-82.1650460261699,40.3740072380433,27.000000001,21.4166666667,1993.4166666657,1999,370
282,41,4.916666668,-76.4937415480412,40.5121140594782,-76.80589,41.414222,27.000000001,22.083333333,1994.083333332,1999,381
453,212,3.66666633397003,-76.7387899937106,39.8066433309466,-76.31966,40.257111,27.083333001,23.41666666703,1995.41666666603,1999.083333,401
373,374,1.25,-78.1729187424181,35.7316359246731,-78.1853852872224,35.8193880245875,27.08333333266,25.83333333266,1997.83333333166,1999.08333333166,NA
291,50,0.166667000999958,-81.9899570100787,40.2843221904369,-81.918722,40.205959,27.166667001,27,1998.999999999,1999.166667,455
471,474,1.083333333,-78.1481018694159,35.2080628004081,-78.2491201719592,35.331757442082,27.25000000033,26.16666666733,1998.16666666633,1999.24999999933,NA
454,213,3.41666666727,-76.8833213534163,39.7570754235308,-76.883644,40.17739,27.250000001,23.83333333373,1995.83333333273,1999.25,404
431,189,2.91666666768,-78.0354803698224,34.328465891106,-77.836103,33.875025,27.250000001,24.33333333332,1996.33333333232,1999.25,410
370,127,2.66666666833999,-78.1124311007089,35.3890685557106,-78.11008,34.997325,27.250000001,24.58333333266,1996.58333333166,1999.25,415
469,470,4.083333333,-78.0552987041572,35.1712791040156,-78.2797543458068,35.7363301680801,27.50000000033,23.41666666733,1995.41666666633,1999.49999999933,NA
293,53,4.0833333343,-81.9560385376021,40.2730473189929,-81.242265,38.195807,27.500000001,23.4166666667,1995.4166666657,1999.5,399
343,344,2.75,-78.9850777035096,37.7121911637452,-78.9161349639296,36.6373949425906,27.58333333373,24.83333333373,1996.83333333273,1999.58333333273,NA
471,472,1.416666667,-78.1481018694159,35.2080628004081,-78.3260564619941,34.8801604987644,27.58333333433,26.16666666733,1998.16666666633,1999.58333333333,NA
443,444,1.666666667,-82.0520338508026,40.2134861380347,-81.1498458937206,41.0123477178435,27.75000000099,26.08333333399,1998.08333333299,1999.74999999999,NA
344,103,0.166666667269997,-78.9161349639296,36.6373949425906,-78.84805,36.465159,27.750000001,27.58333333373,1999.58333333273,1999.75,463
313,69,8.49999966767004,-76.6790105103108,39.8055383514837,-77.147168,39.699403,27.833333001,19.33333333333,1991.33333333233,1999.833333,468
432,190,2.58333300098004,-78.1830611099502,34.7583394019499,-77.89018,34.062802,27.833333001,25.25000000002,1997.24999999902,1999.833333,430
474,475,0.666666666699999,-78.2491201719592,35.331757442082,-78.3114844816818,35.2846161348027,27.91666666703,27.25000000033,1999.24999999933,1999.91666666603,NA
470,230,0.41666700066996,-78.2797543458068,35.7363301680801,-77.991169,34.32987,27.916667001,27.50000000033,1999.49999999933,1999.916667,461
324,81,10.99999966734,-77.3689701507125,39.5903511315183,-76.24084,40.26756,28.083333001,17.08333333366,1989.08333333266,2000.083333,276
385,143,14.91666700094,-76.7420678710799,40.1275875515069,-77.243053,42.00166,28.166667001,13.25000000006,1985.24999999906,2000.166667,444
414,415,4.416666667,-77.0386213346049,41.4210649076891,-79.2581336314638,42.8779993349264,28.24999999999,23.83333333299,1995.83333333199,2000.24999999899,NA
390,149,2.58333333524,-77.6095555595706,39.4367657990824,-77.765925,39.683403,28.250000001,25.66666666576,1997.66666666476,2000.25,439
472,231,0.749999666670035,-78.3260564619941,34.8801604987644,-78.430764,34.861783,28.333333001,27.58333333433,1999.58333333333,2000.333333,476
291,49,1.500000001,-81.9899570100787,40.2843221904369,-81.136217,40.836197,28.500000001,27,1998.999999999,2000.5,454
470,229,1.00000000067,-78.2797543458068,35.7363301680801,-78.250774,35.696948,28.500000001,27.50000000033,1999.49999999933,2000.5,460
301,60,9.41666700099996,-82.1404910294466,38.946262969145,-82.031412,39.065544,28.666667001,19.25,1991.249999999,2000.666667,320
273,274,9.25,-78.1657937226021,42.8322511280124,-82.073424233933,39.9352086935133,28.8333333337,19.5833333337,1991.5833333327,2000.8333333327,NA
475,476,1,-78.3114844816818,35.2846161348027,-78.4088696226891,34.8856608968054,28.91666666703,27.91666666703,1999.91666666603,2000.91666666603,NA
414,171,5.08333366800996,-77.0386213346049,41.4210649076891,-77.06334,41.145254,28.916667001,23.83333333299,1995.83333333199,2000.916667,403
274,275,0.166666666699999,-82.073424233933,39.9352086935133,-82.1122061545841,40.0017129449162,29.0000000004,28.8333333337,2000.8333333327,2000.9999999994,NA
313,68,9.83333366766996,-76.6790105103108,39.8055383514837,-76.332007,40.229112,29.166667001,19.33333333333,1991.33333333233,2001.166667,324
274,32,0.333333667299957,-82.073424233933,39.9352086935133,-82.3279664957385,39.829426837996,29.166667001,28.8333333337,2000.8333333327,2001.166667,481
275,34,0.166667000599958,-82.1122061545841,40.0017129449162,-82.024099,40.068146,29.166667001,29.0000000004,2000.9999999994,2001.166667,489
361,121,7.24999966567003,-80.330960324843,38.3852479903204,-81.4350255695695,40.2492130325758,29.333333001,22.08333333533,1994.08333333433,2001.333333,385
444,204,1.58333300001004,-81.1498458937206,41.0123477178435,-80.475672,40.784353,29.333333001,27.75000000099,1999.74999999999,2001.333333,471
442,201,4.00000033330996,-81.794987737282,40.2471532597585,-81.896949,40.530681,29.416667001,25.41666666769,1997.41666666669,2001.416667,435
476,234,0.500000333969961,-78.4088696226891,34.8856608968054,-78.361056,34.860731,29.416667001,28.91666666703,2000.91666666603,2001.416667,482
372,129,4.83333333533999,-78.2074276695402,35.6995939383144,-78.6375454179584,36.3602655164323,29.500000001,24.66666666566,1996.66666666466,2001.5,416
374,131,2.58333366833995,-78.1853852872224,35.8193880245875,-78.200936,35.100452,29.666667001,27.08333333266,1999.08333333166,2001.666667,457
303,62,8.00000033429996,-80.8902603961803,38.5573079053666,-80.91942,38.774985,29.916667001,21.9166666667,1993.9166666657,2001.916667,443
370,126,5.74999966834003,-78.1124311007089,35.3890685557106,-78.116011,34.322513,30.333333001,24.58333333266,1996.58333333166,2002.333333,414
476,235,1.41666633397004,-78.4088696226891,34.8856608968054,-78.287401,34.742804,30.333333001,28.91666666703,2000.91666666603,2002.333333,483
475,477,2.583333333,-78.3114844816818,35.2846161348027,-78.8763247252772,35.3483886247795,30.50000000003,27.91666666703,1999.91666666603,2002.49999999903,NA
415,172,2.33333300101004,-79.2581336314638,42.8779993349264,-80.050599,42.40116,30.583333001,28.24999999999,2000.24999999899,2002.583333,478
477,237,0.166667000969962,-78.8763247252772,35.3483886247795,-78.867673,35.303939,30.666667001,30.50000000003,2002.49999999903,2002.666667,499
317,74,7.50000000067,-76.5991597127487,40.0637852037101,-76.207001,40.284822,30.750000001,23.25000000033,1995.24999999933,2002.75,392
344,102,3.16666666727,-78.9161349639296,36.6373949425906,-79.019129,36.646455,30.750000001,27.58333333373,1999.58333333273,2002.75,462
458,217,5.49999966667004,-78.5574311315351,35.5981245218959,-79.253765,35.602719,30.833333001,25.33333333433,1997.33333333333,2002.833333,433
472,473,3.25,-78.3260564619941,34.8801604987644,-78.5254270662771,34.6074104413883,30.83333333433,27.58333333433,1999.58333333333,2002.83333333333,NA
415,173,2.66666700100996,-79.2581336314638,42.8779993349264,-79.397525,42.573621,30.916667001,28.24999999999,2000.24999999899,2002.916667,479
329,330,11.33333333,-76.0725528122133,40.0770712800074,-76.1459769574298,40.1740153782292,30.99999999733,19.66666666733,1991.66666666633,2002.99999999633,NA
444,203,3.25000000001,-81.1498458937206,41.0123477178435,-81.4290043107135,40.2435066620795,31.000000001,27.75000000099,1999.74999999999,2003,470
373,375,5.333333333,-78.1729187424181,35.7316359246731,-77.9735775929543,35.0791287343014,31.16666666566,25.83333333266,1997.83333333166,2003.16666666466,NA
319,77,6.50000000067,-76.184844655566,40.299860874956,-76.779221,40.052736,31.250000001,24.75000000033,1996.74999999933,2003.25,421
374,130,4.16666666833999,-78.1853852872224,35.8193880245875,-78.359558,36.159746,31.250000001,27.08333333266,1999.08333333166,2003.25,496
474,478,4.083333333,-78.2491201719592,35.331757442082,-78.2956779677433,35.5809527227022,31.33333333333,27.25000000033,1999.24999999933,2003.33333333233,NA
330,331,0.416666666699999,-76.1459769574298,40.1740153782292,-76.0547266520919,40.2559965484695,31.41666666403,30.99999999733,2002.99999999633,2003.41666666303,NA
293,52,8.0833333343,-81.9560385376021,40.2730473189929,-82.1615926647487,40.3738292363857,31.500000001,23.4166666667,1995.4166666657,2003.5,485
389,147,6.25000000194,-77.6894633679156,39.3028248057958,-78.317222,38.823234,31.500000001,25.24999999906,1997.24999999806,2003.5,501
473,233,0.749999666670035,-78.5254270662771,34.6074104413883,-78.436358,34.700699,31.583333001,30.83333333433,2002.83333333333,2003.583333,507
331,89,0.166666336970035,-76.0547266520919,40.2559965484695,-76.103336,40.389542,31.583333001,31.41666666403,2003.41666666303,2003.583333,518
430,187,5.16666700100996,-78.0042589726956,34.1762960766783,-77.901648,33.757647,31.666667001,26.49999999999,1998.49999999899,2003.666667,450
343,101,6.91666666727,-78.9850777035096,37.7121911637452,-78.753782,38.0486,31.750000001,24.83333333373,1996.83333333273,2003.75,436
275,33,2.7500000006,-82.1122061545841,40.0017129449162,-81.570124,40.30855,31.750000001,29.0000000004,2000.9999999994,2003.75,493
375,132,0.750000335339955,-77.9735775929543,35.0791287343014,-78.113804,34.900266,31.916667001,31.16666666566,2003.16666666466,2003.916667,514
331,90,0.500000336969958,-76.0547266520919,40.2559965484695,-75.928521,40.487968,31.916667001,31.41666666403,2003.41666666303,2003.916667,519
263,22,8.833333335,-79.7102826891709,38.4255985906409,-80.048156,36.884044,32.000000001,23.166666666,1995.166666665,2004,531
478,238,0.66666666767,-78.2956779677433,35.5809527227022,-78.279562,35.762288,32.000000001,31.33333333333,2003.33333333233,2004,516
478,479,0.833333333299997,-78.2956779677433,35.5809527227022,-78.3646607264046,35.5386112673805,32.16666666663,31.33333333333,2003.33333333233,2004.16666666563,NA
479,240,3.3436996460523e-07,-78.3646607264046,35.5386112673805,-78.364754,35.538588,32.166667001,32.16666666663,2004.16666666563,2004.166667,541
304,63,7.58333300130004,-82.3542062040883,39.732421791366,-81.255951,38.380327,32.333333001,24.7499999997,1996.7499999987,2004.333333,504
442,200,7.00000033330996,-81.794987737282,40.2471532597585,-82.108828,39.765297,32.416667001,25.41666666769,1997.41666666669,2004.416667,434
473,232,1.58333366666996,-78.5254270662771,34.6074104413883,-78.172014,34.302097,32.416667001,30.83333333433,2002.83333333333,2004.416667,506
330,88,1.50000000367,-76.1459769574298,40.1740153782292,-76.449842,40.17041,32.500000001,30.99999999733,2002.99999999633,2004.5,535
430,188,6.08333300101004,-78.0042589726956,34.1762960766783,-78.017324,34.612718,32.583333001,26.49999999999,1998.49999999899,2004.583333,451
479,239,0.416666334370042,-78.3646607264046,35.5386112673805,-78.371995,35.373688,32.583333001,32.16666666663,2004.16666666563,2004.583333,540
477,236,2.16666700096996,-78.8763247252772,35.3483886247795,-78.92047,35.341812,32.666667001,30.50000000003,2002.49999999903,2004.666667,549
375,133,1.50000033533995,-77.9735775929543,35.0791287343014,-78.084202,34.58013,32.666667001,31.16666666566,2003.16666666466,2004.666667,538
443,202,6.61666666701004,-82.0520338508026,40.2134861380347,-81.884455,39.517326,32.700000001,26.08333333399,1998.08333333299,2004.7,523
