Scripts_&_data/Elevation_16_k10.asc
NCOLS 96 
NROWS 78 
XLLCORNER -85.000038 
YLLCORNER 32.9999628 
CELLSIZE 0.1666666 
NODATA_value -9999 
[rows 46 to 68 of 78, columns 0 to 52 of 96]
1.81860275085856 1.9502144414397 2.15619559010239 2.23511712427469 2.09918093852696 2.16873273567223 2.20133698695501 2.0400798971757 2.13131100349545 2.51247092752529 2.54405092586675 2.19892818649392 1.9651604324812 2.05121350076688 1.90518692131941 2.04798916135965 2.13728557851499 2.19409157610931 2.30745713094658 2.37446737646769 2.63264561329243 2.89431377436991 3.20834973368328 3.56115405879299 4.20318550939196 5.29365283441557 6.27716548204258 8.06867036423066 8.78078484168002 6.81019383938341 6.71198300458636 6.83443364963038 5.76039173043794 5.7451423006648 5.22493551816302 3.59184257786147 2.93924645722734 4.0351761595331 3.15474906603375 1.53842283918465 1.28908320720472 1.17757647997352 1.0885835053007 1.00956716387258 0.77961175980139 0.494178019801792 0.387469919663701 0.355282983844892 0.105575778702899 0.157516030948233 0.272104151530363 0.194837885616473 -9999
1.93310627033075 2.09222006947687 2.2352688248861 2.3489947718247 2.29880814061339 2.33340390690034 2.3083864791092 2.13076096687545 2.1633651656459 2.45232672879493 2.54484750786278 2.28482955416818 2.1995161820247 2.07585159451011 1.98120645175214 2.34042168430955 2.46619155853598 2.40263332336739 2.71213608852251 3.01555049944864 3.17458846329258 3.69536420935742 3.83207805765988 4.16453085528922 5.41644495962138 6.58162310286015 7.94288167558758 7.35361624670668 6.17798722014395 6.56481834797755 5.7317706216899 5.58274729876289 4.67265567657476 4.78837317602633 4.76066239097496 3.6785216005887 3.37285005980584 3.22124722634389 1.57846208581772 1.36938933390736 1.42494352764323 1.13086084607189 0.942936241146737 0.841937174317797 0.762825995626821 0.563350511030763 0.560372696369727 0.379371022213723 0.345818470506815 0.336847100433132 0.191679129417272 0.107732890393054 -9999
2.02014561764345 2.00203218805208 2.29901682460154 2.25275644256938 2.16143049898678 2.103733037123 2.0887680666261 2.47884254332936 2.70473903707948 2.44022581813035 2.37674338075515 2.50998623924969 2.31563184494434 2.16383929194611 2.1715209151918 2.37689514138065 2.87460705325654 2.76626782083841 3.17126930912778 3.61058194689087 4.23592250433605 4.76377293616922 4.86171832865421 4.70563923940017 6.43741735084828 6.46844721504684 6.04316998206695 5.31732365109245 5.85795780387854 5.64171549142818 5.41280333475723 4.33362132893973 4.73689684205988 3.73657942454675 4.27725152124011 5.61150106865286 3.93613078382924 2.36160777520201 1.57282888593532 1.18501150908173 1.0641161253822 1.09444427860551 0.943087971765196 0.837878263996717 0.702814544308647 0.542448926300551 0.488279291337083 0.48188743273606 0.334931437610116 0.273857834453922 0.355169186818767 0.236275568342117 -9999
2.10872133311551 2.15907861438657 2.08065022347866 2.12943324519544 2.22221960160704 1.95996346750407 2.32194784011157 2.64958305932401 2.6416928421113 2.64190145108184 2.70443557584256 2.55698637743813 2.51480388518244 2.20522517219872 2.50547214457499 2.50738779426993 2.79771503800974 3.48310504694356 3.5956170289063 4.30560717267257 5.00404631486432 5.14527442288022 5.55069305409306 6.04000267854878 5.46941960531351 5.673466214847 4.81691841196337 5.36176318318373 5.79164934810117 4.47037310614592 4.54980674803449 3.78420549467146 4.04943936279154 2.83102101152041 4.90244036307035 3.75076673248892 2.24729393025554 1.67777309137765 1.19117578863403 1.03524841124404 0.911280377496057 0.832719239175958 0.806829356577798 0.807208683123946 0.71449818451982 0.525852838527139 0.430012798394397 0.389309702173966 0.404047031732605 0.343371733640229 0.219232998257875 0.279396184883109 -9999
2.5475598445784 2.38543028498854 2.29112657738179 2.42076570990887 2.56855623843986 2.65288333905808 2.554217207381 2.36900486415385 2.2978598279989 2.45103695102218 2.68852227022589 2.88452681190004 2.76385896036323 2.41723781174183 2.50782403667696 2.94040343882646 3.17927328304465 3.35966807036018 3.56320242964395 3.82682418432362 4.25726036335578 4.81875808382266 5.96895241964261 6.30480019923717 4.99306456191978 4.49203337585091 5.22277337560438 6.03708170285558 5.84435846146011 4.86118727899137 3.47238869130051 3.36393558215004 3.7173848786655 3.44752299412783 2.54659248499267 2.0630299146464 1.59983785873766 1.55996932217844 1.26160010060042 1.21372750010319 0.934268338874014 0.836133301870348 0.833402060716949 0.744181490116442 0.700026406048767 0.503471825879181 0.462237659366061 0.339730081582191 0.268641921903883 0.291819544679474 0.289202105240801 0.191313637993892 -9999
2.58685938006575 2.66339104072003 2.75727748537514 2.71130156261922 2.9987836884733 3.09538243983699 2.95927554401541 2.50683773514465 2.66976390673758 2.61417174658917 2.8400113619872 3.09092522351437 3.23097725044759 3.01964740618931 3.00841896533527 3.0995551893816 3.61486851315373 3.85047597653454 4.0651060405128 4.21509680554491 4.52826025003717 5.47888412709107 6.26166939436699 5.77444618969414 5.19223655714732 4.95404943319634 6.99669605040444 6.16133427089743 5.37441418298063 4.4206796407043 3.38722703477196 3.38900994830735 3.67171247716059 2.50668600452619 2.08670068631271 1.82271859204404 1.74254523900977 1.76727814000881 1.39507055502265 1.12839512974992 1.00524270246392 0.916116954122746 0.794064588824097 0.77629254937338 0.697693463395145 0.422008738207277 0.341911283302433 0.333262343606137 0.288595165888002 0.277537422917455 0.300449511484422 0.200854013828038 0.0835843493838492
2.37112918283341 2.7090824066768 2.64495511792402 2.65751129546159 2.764996992514 2.79885308516404 2.83411262226985 2.67414526525273 2.98994511363554 3.00506176223856 3.03174831685388 3.37064991332585 3.59366343530411 3.94686614893473 4.12557278496012 4.03766092282631 4.10292625873339 4.39738826309999 5.09872941653307 5.53936974596913 5.25287389164031 6.36467895565548 6.40208183590682 6.10443341353496 6.09809847642114 5.37915592609534 4.83656810468944 5.00700526447182 4.48727259326672 3.92990964843015 2.82730348383822 2.61415279714082 2.22730274236416 1.98687755803299 1.9604945396722 1.94805222386345 1.67538324786667 1.61034553039257 1.39738453322441 1.12892621317069 1.17065352857453 1.00765149542325 0.81874059646754 0.710230635221157 0.676412542741583 0.414877170335982 0.351318890156827 0.262174187678709 0.23195982397976 0.254909844263621 0.24079843070001 0.111184875427137 -9999
2.47182475091663 2.40822854183374 2.44303293209474 2.61138365709073 2.74382990358221 2.89169631992771 2.97241966457142 2.93061652136716 3.26481431863167 3.49088147744507 3.83712333702912 3.90669408362274 3.97880644185461 5.18366346963217 4.91516717566415 4.81257489233083 4.93553772761048 5.13343901454179 5.51300570706372 5.77327018362907 6.40416816566855 7.27700865322733 6.99110078692753 6.42541123243599 5.87013457235059 5.07268780331645 4.71806257575353 5.09833116304386 5.45343047189642 5.0046343479039 2.95563391915125 2.35155528790072 2.15585422246702 1.87705888081815 1.73657066399023 1.49603167794433 1.37737439588469 1.30715872289588 1.30535687491567 1.34920845648674 1.30236008642557 1.02610634891319 0.946995170222219 0.825644560909384 0.656724846094171 0.459752993595741 0.411633823341762 0.392344427069566 0.363837082527449 0.309060512899782 0.138942260480263 0.178586807583407 -9999
2.18409601217067 2.4281249224693 2.41391864257351 2.63251284712584 2.73409986447499 2.92397806300233 2.84450649221003 3.21470360524192 4.10922326694347 4.43746538612446 4.64629163766936 5.46922999080188 6.22405799516625 5.35457472570771 6.46960416663891 5.15515622261295 4.86545476077418 5.45805839829288 6.13423055835511 6.29203556276429 5.67763884436344 6.3896585295605 6.10972518576791 5.82772447666545 5.21004654800705 5.36555661368395 6.09642927457935 6.06839618386737 5.46228805619662 3.5539276424062 2.90009865235844 2.3616456365899 2.09045612789511 2.02359762799598 1.59319940037284 1.3973276398688 1.30662765072775 1.13241614117431 1.22431105207085 1.23440147952852 1.15238833835765 1.05835018183849 0.928976547886664 0.754935755908828 0.610521340538649 0.389290739597539 0.343447601762619 0.383373048556402 0.339274869096971 0.323266761850811 0.221433165367704 0.129965769516963 0.136281764684196
2.76065362291667 2.73740009919849 2.70030071019112 2.93177350296627 2.86732375851766 2.82193579378372 3.17187620159457 3.63106621053079 3.83727503764054 4.82169808398182 4.40021441653385 4.44057599133281 4.56128172676279 4.92436618011205 4.14981252018949 4.64699338240253 4.80568989609173 5.10102447529353 4.90164372106023 5.21334675272351 6.69117618022596 7.47697727546146 7.10679924690961 6.46890242190574 5.79236996726508 6.13508398869618 6.16078424177919 6.78737663308986 3.98131007957856 2.7984357621983 2.40729917866759 2.40872172260694 2.02551328519267 1.7874589649171 1.56325057744655 1.30537583186578 1.11997379910939 1.04752003198247 1.08638332881367 1.10982648204701 0.971196999053134 0.920896641144715 0.76927477946593 0.734603166624159 0.569135422777226 0.418082584675587 0.357559021890271 0.308889804701374 0.291971279048814 0.332427798010727 0.258191127663337 0.209768485857518 0.181678422083727
3.31689756006843 3.33499206271674 3.14649837420035 3.50121849904021 3.75446527321396 3.31075229748033 4.32817779608127 4.11656348504499 3.74079013300214 3.78699362918046 3.79901860701996 3.75357386895859 3.80131366578041 3.69329684404755 3.54000584429194 3.89630019867904 4.30132062141324 4.42185561676232 6.13859286239726 7.0570678825713 8.71464715599057 7.1543873281165 6.67552837693543 6.28968361064823 5.84593275102144 4.62722982794765 3.67520237140628 3.70050428097895 2.98967962631292 2.41600500234229 2.19357948339657 1.83931464043321 1.66318748493571 1.41525140993798 1.29196618647834 1.21917098795108 1.14777938391482 1.12930556222212 0.978044070139377 0.910445832838367 0.801480668483965 0.789493552032352 0.800399552194079 0.740786406877442 0.493343473268663 0.346387480018159 0.322982251937678 0.296295747021522 0.240532890865065 0.309876086541563 0.287741645525804 0.237744745103424 0.191598140405264
3.77157351934052 3.53674359848626 3.40991159492709 3.88378199505578 4.372200125235 3.59013553713707 3.35246058841821 3.23306361021637 3.36624962036588 3.47735806785171 3.57348252787645 3.4602498517322 3.22794250304671 3.64438102615713 3.89956245948824 3.70412697139828 4.02250633031603 5.91603469731313 6.59450161606537 7.64470203851414 8.20032023877541 7.10850619761288 6.8146890146168 5.61161493038168 4.151652342084 2.91629646976368 2.73013576891148 2.77013707913905 2.54029548428435 2.06862515561803 1.79003849795732 1.75885682812269 1.66254261105286 1.48927944787183 1.36601319636582 1.40540755411251 1.46756226980771 1.36992037606844 1.18523911251118 1.04549057682193 1.01375884411114 0.907069706549473 0.798370089531777 0.6527986794344 0.394411818635601 0.399039752533828 0.347525499040849 0.281425654109451 0.238617228042048 0.236360162888018 0.262477658292829 0.207947656546479 0.18181119012576
3.95035598316634 3.57554999821098 3.91162548625965 4.65913226698141 4.65323354226758 2.75843446697425 2.86307515116559 3.15461628486364 3.16755173643502 2.99442136942763 3.04942555655055 2.92128472074563 3.05428105636942 3.6662499348397 3.7829915897097 4.70063187393114 5.4482335219228 7.01748382029185 7.56828420958163 8.18448267093804 7.437108746404 5.94008466799564 3.71347769146112 2.97350083337363 2.79312501050997 2.51867317349013 2.37319660815737 2.30480173259712 2.15073315280616 1.96113940605329 2.09603244192368 1.9571943049487 1.81133841306979 1.6975935466899 1.65440575844298 1.61730640694442 1.43528051923133 1.24348665600552 1.08869730326455 1.04685620490039 0.954562984251427 0.769464446489885 0.671272497376214 0.50967401933169 0.366302791347663 0.288841733769319 0.318430184286401 0.307467286080473 0.27342159673549 0.24003974947611 0.223841970517395 0.183764789354271 0.169311965020165
4.07134620037785 3.68309261862604 3.35418662360152 4.13395610792842 3.07427218424671 2.46186710837996 2.73019264726356 2.48551887058383 2.68599969805712 3.00151501964783 2.72416114137962 2.97078854166858 3.31219374585745 4.71297950251226 6.38903265763831 6.47408043743453 7.40672373358301 9.17958400898694 8.94890806827121 6.73108263818715 5.17015908450477 3.56777350769538 3.24618872130995 3.46641401875808 2.79494586795261 2.34284946422603 2.03989024515527 1.99131586241607 2.11932383453151 2.23788633934239 2.13119717927544 1.92857315869186 1.69694868781057 1.51784367076602 1.62521564112132 1.53749344601146 1.14089439517748 0.86579762801158 1.05330495498157 0.93445801339973 0.788924543458728 0.745509170536765 0.581293253053568 0.404653980462606 0.339274878474172 0.349175627655241 0.26088443428668 0.292862728314746 0.284460366814689 0.218682958824718 0.189682474769087 0.135229859314014 0.0763769049506834
4.4084270294283 3.90559396537218 2.51577117725232 2.22790971735033 2.34417711088843 2.39235318012433 2.32135990459488 2.45446999692284 2.4692642348406 2.79887203461238 3.54296474888887 4.03189494927555 5.01068477322915 5.60577317404106 7.41518295936935 7.50269652300338 7.22213729228509 7.06987056797609 6.63391492326041 3.84309788954337 3.1315903645749 3.36626856981423 2.9763079323345 2.69096899959072 2.32706892477595 2.06915627279673 1.91478417175475 1.86247331188502 1.96756922544053 2.03323281483682 1.93291659580503 1.91578944524069 1.7187796300806 1.56359199759425 1.37963145822556 1.22855964817029 0.878107173902859 1.02665638178231 0.880534935064937 0.945022608417281 0.771380092433939 0.641740944903334 0.500114680921117 0.382841970761952 0.309250178048297 0.304527407824932 0.300411574141207 0.239793180657073 0.208687368629911 0.191579173140236 0.123584147068856 0.152019218707553 0.163361460338592
3.95750655674918 2.27760308526906 2.26760755133746 2.23155132721096 2.23005295547119 2.33660927435394 2.5362934598171 3.44661258041003 4.00545500755211 4.90080925517103 7.63793087399681 6.92663200300944 7.84169297174173 5.82131380177234 5.21776607014944 8.25797958419143 9.22279097173503 4.87486246421375 3.56570614238551 2.83995443862456 3.0189835453493 2.66953636332222 2.4664761003316 2.25668252670978 2.18898948590384 1.99615242779012 1.83487639606422 1.79379395454324 1.80451031768806 1.85099828814615 1.57413764316346 1.72395763060587 1.54790632541408 1.53931428845059 1.27599601751312 0.977721644450592 0.890056357699857 1.06709392316427 0.78186881839138 0.768402283399223 0.712279066086206 0.588614487948817 0.437239212905751 0.389954581683141 0.315414440721631 0.255004681526479 0.259405014808416 0.261605181918245 0.258817036156604 0.223329861863413 0.169160228775385 0.165442705781797 0.169027459795632
2.51981117563386 2.05625875012907 2.43191830795896 2.50370822549852 2.23223413749931 2.62204308937114 4.74992710088708 6.75422236019061 8.77293262838865 10 9.26967733821579 8.6783634484628 7.19638020586057 6.39108107349984 5.3724037410334 6.50165838130169 5.81628729180918 3.81047474132458 3.28749877376214 3.93960174363011 3.26781101710064 2.58610068196289 2.19680390532317 2.28446913956157 1.9981818942033 2.02027839881356 1.95580969741485 1.88536645100364 1.68016291238336 1.66732228307131 1.65349537473223 1.58060534644387 1.22666295917634 1.17918866468066 0.908340508617717 0.740501883836227 0.870729019395845 0.924538288514152 0.753475294318391 0.642518594329982 0.564355762011421 0.516521090417933 0.387963049800014 0.346121945809535 0.309932993025247 0.282582638521728 0.217544936051148 0.205140548208411 0.255953027898893 0.182209498002737 0.159619849190358 0.177828130110387 0.156774806322235
1.9185586002943 2.11384239527461 2.21738305123651 2.46615361462873 2.78432434957241 5.56245258962051 5.82068779481846 5.9238299572348 5.61353059508013 6.33032986227451 6.7006598164906 9.39093283270061 9.36748970947432 8.13545314135403 5.58426460494748 5.78457458731522 4.68428247594266 2.55969869915023 2.4450054901488 2.71522772927899 2.30556046070703 2.28536061883455 2.09940854195641 1.93881530551534 1.86759442655645 1.78222410854503 1.679555974906 1.66525486524911 1.56290919480766 1.37874001646138 1.58428493772056 1.424317625714 1.19172582900491 0.948303874938034 1.03589329637954 0.947450365828477 0.742322726275348 0.625201754236403 0.66042339432097 0.510167156969764 0.419694776884484 0.388190653229464 0.393710042019944 0.347980707775189 0.272188746076264 0.235165241132525 0.228071596538644 0.24335896646816 0.199128021779857 0.150027688699867 0.121834064990588 0.144066945052217 0.149567360951349
2.09857397104255 1.9940091821675 2.43326491907322 3.31022115779635 4.57065142628102 6.82794699690163 6.8983144755265 7.00754500717534 7.74173689725316 5.96013283926375 7.32668321423117 7.91211722369403 9.05834732891877 6.43563433228823 6.00813813841172 5.29621339550217 3.66862079139354 2.30905032494568 2.20376473686445 2.09811880919422 1.98892603390861 2.09838428901508 2.03457947096165 1.76060177524553 1.79104374143621 1.8246911500981 1.57994150810915 1.45811677249611 1.19233275522962 1.0311894934212 1.08355725039742 1.46409131000684 1.3232047646721 1.11807713637161 0.862706002258618 0.813353990722614 0.629602097833262 0.440767064186784 0.54925806848306 0.546735456930043 0.518797122836992 0.459468481807167 0.390827060870885 0.31488336292718 0.278220237894405 0.240457022742675 0.206088895518545 0.206164762703215 0.245976404969114 0.169255064162802 0.145755002570343 -9999 -9999
2.20194391693061 2.13197481182313 3.45308029869396 4.23218602720551 4.47183351897491 4.26018123402432 4.89847629751389 6.5351918832242 8.52550858608957 6.49416643258172 8.21293321964745 8.05027262539827 5.68795690150671 5.6788718037982 3.99819072227567 3.10340548323038 2.62018430302477 2.25641702438364 2.10305021183113 2.01250194580677 1.75445649015215 1.74413846301592 1.8547158233301 1.6444670953617 1.56839064156633 1.6749470129614 1.54682521662595 1.31834923484618 1.09101127396454 0.78384139144896 0.792110987720145 1.1165407982193 1.04915121114851 1.00448402311546 0.896239586700499 0.753209754483446 0.549030466929051 0.421970803677222 0.476121470437942 0.497724835534692 0.479933831632108 0.454669837835092 0.402377940541786 0.405336785124634 0.307884554658437 0.235032475903653 0.221603867939791 0.189473840480105 0.185301112503058 0.165309936802044 0.0722610750178383 -9999 -9999
2.05550001451741 2.54589075526302 5.73493813525738 4.62749537528436 4.37916096427804 4.68433927927713 5.16175660203881 5.99434909146052 6.44310746659157 5.89242071397777 5.34055810533411 4.18528075628698 2.55279476846631 2.71171888558495 2.60529521284062 2.55029110073532 2.26170878161307 1.99977511070769 1.86713916718522 1.6466482998951 1.44804527573239 1.38351971848688 1.5792207614153 1.53715204836905 1.47846829247472 1.52888245209786 1.58629542467835 1.38786313309477 1.00372534001612 1.03255510274526 0.795676784783874 0.823027132723352 0.930418033772592 0.784125899486653 0.694431153824498 0.583076153460873 0.479213086813703 0.365088903264864 0.383581689409425 0.408940505465777 0.414232288951367 0.413777083967907 0.317595639628712 0.306955177426491 0.285313877799686 0.25250104192709 0.213467044399239 0.207397616175602 0.186633919439321 0.165841010845614 0.151027818790906 0.137864748786548 0.0876089504008887
1.82681541626534 2.46778480504742 4.17841475450679 4.63917906800786 5.46418475644321 6.0305001678534 6.02414626628772 5.74899259451358 4.66480340326931 4.24952183175096 3.2135656030982 2.55582939583901 2.10820922539924 2.20224740067281 2.25434959905968 2.18745315525329 2.08370395033493 1.79009539131292 1.63695618969162 1.43262516589244 1.44817807190602 1.26457788712985 1.43522359586868 1.37083080478976 1.33534362674569 1.40394709627296 1.45453198097347 1.34695140164763 1.07162704230493 0.7681367585678 0.571695974486619 0.646710293322937 0.653064223020225 0.597604825287527 0.570387251016402 0.510831006557127 0.458501167232005 0.351186125865675 0.332238129111333 0.323854738627183 0.334950405812864 0.29434215060617 0.218777791398975 0.256559971940293 0.277973670013088 0.185983921853687 0.205121581881103 0.182209497065017 0.169862009141922 0.155428152072843 0.13951487458778 0.0795531130591844 -9999
1.73611541962253 1.96578633441043 3.04199048618265 4.24074021028288 5.1131063314851 4.3445651979911 3.79184914400286 3.74593014460959 3.36695138010258 3.10408830852225 2.10697636348738 2.02291480270411 1.90439027930929 1.91605497007211 1.99328842047013 1.9701108145735 1.81642154632516 1.74906986565282 1.51668670417043 1.30933991992752 1.18298206517384 1.12938143503311 1.34348044184676 1.27834791711685 1.13687337250045 1.3721015881036 1.30784155568952 1.03962976975919 1.03469837837493 0.777942666735131 0.533268921937887 0.394563556755821 0.503813229147916 0.475514527334263 0.470981426948013 0.443479337137434 0.39623264419576 0.406247196966994 0.334684867853359 0.275109658004497 0.264829563522878 0.262970802494944 0.212803199500476 0.179288583261343 0.239337976611334 0.183347511399106 0.112664299594001 -9999 -9999 -9999 -9999 -9999 -9999
