Scripts_&_data/Elevation_16_k10.asc
NCOLS 96 
NROWS 78 
XLLCORNER -85.000038 
YLLCORNER 32.9999628 
CELLSIZE 0.1666666 
NODATA_value -9999 
[rows 23 to 45 of 78, columns 0 to 52 of 96]
2.4045679375142 2.48383083932187 2.66014765434156 2.56880279131766 2.44250183742133 2.32636716503926 2.06856828476771 1.81630772210515 1.66897241543658 1.57667919478762 1.36148007722517 0.947707188617113 1.53064636367258 1.45891335824302 1.44337939417602 0.766460448807437 -9999 -9999 -9999 -9999 -9999 -9999 -9999 -9999 -9999 -9999 -9999 -9999 0.785760094360631 2.04918404091774 3.14006859232191 3.619591246806 3.93535313627803 3.6903948928203 3.50231852726964 3.85383316462773 3.98701912976667 4.4443504123706 4.3039950142216 4.16633268826591 4.52330989795192 4.86039069699534 4.5474737603703 5.08706471826848 4.7415816318049 3.97524065979441 3.56898742766067 3.3451393647756 3.23086343372934 2.92826464426871 3.11895834423339 2.87473980441961 2.87432255647149
2.47618718999048 2.65790956395432 2.75230812382745 2.61500631750302 2.35098629433062 2.05144111169809 1.80864508581661 1.67813344597017 1.61254572188312 1.37970734979095 -9999 -9999 -9999 -9999 -9999 -9999 -9999 -9999 -9999 -9999 -9999 -9999 -9999 -9999 -9999 0.929803896480091 1.47815607199409 2.09808089529401 2.80759682273894 3.25233404391214 3.29878410797178 3.72064718448526 3.8132818102784 3.95073537722833 3.85472455387957 4.11191663920722 4.29274753389809 4.87025347226211 4.61510990782064 4.18419963249533 4.47433718670591 4.82858305021387 5.22351307924833 5.21989035882195 4.57326885071617 4.06981001976252 3.75323244881089 3.75418074642186 3.93167349248901 3.620330980457 3.03618659873168 3.14226879131422 3.33049688748334
2.53365707093009 2.53388462934897 2.39131007525755 2.19392084353018 1.98477224881587 1.89441366481899 1.7646038147163 1.69412258688903 1.58126920728387 0.659386860996845 -9999 -9999 -9999 -9999 -9999 -9999 -9999 -9999 -9999 -9999 -9999 -9999 1.08600550355745 1.97325929242238 2.04707871763481 2.23441536453799 2.47692686362738 2.67147094746197 3.04762364855625 3.18754293932992 3.43054757418194 3.58309884028656 3.88664598737224 3.84491865696488 4.0566847436302 4.13543548520928 4.38866342996286 4.76271092686466 4.95926540763591 4.69558675960064 4.71758843444981 4.86082684938124 5.30414149660805 4.97240948318136 4.64849184416343 4.34978115742714 4.06440425076906 3.93871027936066 4.59085116312884 3.31532330051415 2.99675429707773 2.7010214493832 2.7851588754757
2.38981161349665 2.23227211141361 2.11628909463239 1.90733013693499 1.8299070420183 1.84976543373604 1.74364532725328 1.63401629455711 1.56368681235183 1.52448212162909 1.329786324055 0.812734709097491 -9999 0.407464112010366 -9999 -9999 -9999 -9999 -9999 -9999 0.8748186813108 2.0761930146578 2.72142990772798 2.90692680025251 2.26100706688694 2.4373997397141 2.56741822129261 2.72235929339941 2.97653550575691 3.20127495789382 3.54222501523788 3.53736945540492 3.68242874278251 3.70513222237894 3.86993609975955 4.13780646179129 4.34132194664433 4.48964352483817 4.67396440379586 4.75013563484001 4.14537431332931 4.33176263261448 4.64997122144429 4.56516999452588 4.6873550322191 3.94075872522923 4.18378232453312 4.43689633254027 4.18639986899645 4.43317884986865 4.11717049753996 3.88624771887951 3.34333748678835
2.15077108921165 2.06050730496883 1.8703256377028 1.76363650014114 1.78292588328525 1.69103097613959 1.67291752404293 1.66098731595044 1.65459545547398 1.62466562700661 1.57305651187005 1.48256516170658 1.14468775441097 1.20890987386257 0.775597411816229 0.741941302986994 1.18760636446885 1.66231501137429 1.77780483612967 2.00645149797625 2.19022235531747 2.56353001354362 2.87329834103896 2.77193889711222 2.17237440554695 2.39773975961309 2.54845126383728 2.70229227770761 3.04760468410438 3.28998347704127 3.24120041031392 3.32854324887059 3.50975359763754 3.66812767063443 3.84499461979701 3.94024671503586 3.98544488521591 4.23106703452422 4.55847458279136 4.26951300463881 3.72425091045273 4.15170926544665 4.01916819669584 3.91526715613437 4.21602624372866 3.79505466149168 3.85563501260794 3.73115488614721 3.32182896270534 3.69528844157108 4.02368226136349 4.79042153187376 4.99634574217028
1.99713869931539 1.85261048410592 1.7721147353899 1.75777570433104 1.78042223805954 1.75028376311282 1.72964769383683 1.72266786033488 1.73108920222804 1.77666677397186 1.74474540799504 1.72839588997838 1.90050206405853 1.84056646679695 1.89374978897546 2.12871249099984 2.05102384124468 2.03444671229682 2.21964006106505 2.65212462595169 2.39195492663512 2.60025005349956 2.80296883632839 2.58037263731586 2.26307444720033 2.39758808900872 2.61136466263182 2.60599706259845 2.93913270052318 3.28603831592259 3.38809954959307 3.2795326537314 3.45465460325881 3.44568321724388 3.67544892428408 3.90489217562844 4.15425083207433 4.20233198902976 4.14607598304487 4.26609893819354 4.61583070702681 4.10512640521337 3.66074953863269 4.19548489168735 3.35665233242173 3.46502944873303 2.49223317925436 2.29674075279824 2.15684044147996 2.06663361810858 2.94510723803391 3.2836864088171 3.07264106134387
1.8869786319599 1.8442271086253 1.80471893416036 1.77634434078131 1.78398806513031 1.82095464296053 1.84929129243232 1.89132207657483 1.9551648610408 1.98334971237828 1.94097752309159 2.06496456630201 2.23439635507556 2.16696886160632 2.35506413159476 2.43673589387762 2.47205238435312 2.36141812318158 2.62866252327001 2.7057252785977 2.45052482080063 2.68139067609843 2.72594400990444 2.58306597957257 2.51093464188531 2.51905246252747 2.57544123467896 2.5310206370325 2.87168615258095 3.03637625825387 3.22486988675618 3.27137687417846 3.05727784485953 3.33815953127365 3.4170620784888 3.64267407545386 3.88607699380214 3.85969396043782 4.61192350481891 3.98620362832934 3.67931812257064 3.38398363338997 4.07364130414887 3.30953836251152 2.47724931932321 2.85218816796805 3.55713299485628 3.27701005905734 1.68293208994225 1.65882509837419 2.0689096674066 2.01519525805644 2.1876238728289
1.99740425415385 1.94755908810081 1.87918319199595 1.8487981341644 1.83935257683871 1.88015051407288 1.98577749229476 2.07486528547603 2.06963042160221 2.0613608103275 2.00774121573491 2.27699620030403 2.42042433477174 2.53519337157359 2.67661101908351 2.77009912022828 2.73692597289829 2.66172192889937 2.62809352969991 2.54786327580827 2.55129629170188 2.75558942410613 2.8152594365222 2.73732421138397 2.89915030973691 2.78576585796363 2.77514436959047 2.54259049803423 2.77872911610255 3.06987189128674 3.04436135774001 3.1271710621525 3.02308043708645 3.02554610089609 3.36359422201643 3.52450984663748 3.7833519292987 4.08447137148551 3.75088052670188 3.80971604322171 4.00549299646994 4.35137438143329 3.55593815937104 2.76014143268104 3.27281836756615 3.51202961692851 3.48572242636815 2.07695167525186 1.54141963517652 1.67303133325942 1.89477404191679 2.34986725663876 2.98416017563291
2.01185706442216 2.00373921377295 1.99730942439276 1.99782154711254 2.00961895903139 2.14906407099254 2.32327552428277 2.33302454284538 2.26079841290583 2.17650924119135 2.16072873174832 2.33421948335528 2.50653427390773 2.86628056362975 3.14353963464215 2.89177214772814 2.80865901208577 2.55032899963201 2.49727843611832 2.73544649059277 2.56136779596737 2.60415727071099 2.7146966496091 2.79909960803479 2.89653284029119 2.76829725724454 2.63323352630383 2.7091203805911 2.53316390516041 2.68582892796918 2.8864045026842 2.9015970841123 2.65174532191083 2.98228245484171 3.02645655962446 3.28573483968215 3.88825811581617 3.87225009296482 4.0479409460412 4.22368878249431 4.22865820405609 3.25350995995608 3.17441776822225 3.6881568324401 3.1428188504395 3.15852347206802 2.70166636077486 2.16755683463182 1.57906903079684 1.97807691209896 2.38766834536874 3.03667971949079 3.02509089403719
2.09258042406939 2.10306916127947 2.0930546253872 2.09834644263071 2.15283849953209 2.35908518052796 2.49134176749724 2.50624976211916 2.46869518125641 2.31713023168763 2.24435401261575 2.36669091595914 2.47973394758473 3.06607849079356 3.03785565053825 2.9757578582057 2.74119346968462 2.7413452153066 2.50698948076663 2.76129848929777 2.54509413575818 2.47271618517904 2.58490577146004 2.78053093407571 2.77353213612189 2.65288332405456 2.58333149690223 2.64085827119745 2.46871417571532 2.70373375609178 2.62898499396936 2.53126720491382 2.77030777420938 2.86356828692822 3.01551258554843 3.48187216252641 4.19233647760344 4.68090639841521 4.40192130722303 4.32685010440831 3.27044751101232 2.57650339401874 2.45443208302263 2.53610375528435 2.28300866671849 1.96823307877878 1.90429544954819 1.74419536387328 1.53275169539499 2.21969699192946 2.61567018584479 2.3513466189161 2.23014780023581
2.30597767864811 2.35768160104048 2.29167657649298 2.29586829048946 2.37839351312042 2.49604559671174 2.46806927932718 2.9086527604182 2.75467901038833 2.4452520430266 2.26216398847197 2.30861412754921 2.41938104986269 2.92177793152587 2.83976479410589 2.68017677113667 2.5653508259757 2.56923900371764 2.33615406749504 2.54391817470368 2.57957605531983 2.33486436473989 2.53750736477887 2.75906035389996 2.83413158672172 2.73762764261385 2.50359439377675 2.75124597949119 2.74783191304592 2.49293500650691 2.42309866756601 2.64364643571349 2.89000822865166 2.72057642487459 3.1222017606189 3.6479468532279 4.32851918622193 4.63673220361133 5.19589705644221 3.31564575620998 3.02442712321832 2.66414972381937 2.57316523789327 2.65092973795413 2.48415330251946 2.23028053639536 1.87777965001728 1.5858592047766 1.57400483948806 1.98003052820644 1.57170986324698 1.43998433344231 1.33376937469317
2.54609937173532 2.53995406413665 2.46222752298657 2.39343428891245 2.3868907428281 2.57297552585874 2.62938324745857 2.77222343890784 2.83056574464742 2.48921747882472 2.33035022505463 2.24683871589488 2.31711125223224 2.72372491397611 2.73633792485518 2.56041943834231 2.56087466020473 2.36312513389893 2.21307753552531 2.19467960164713 2.32657581902036 2.59143041310662 2.52931361131163 2.70519419892781 2.7771358920964 2.58003126217873 2.48011334164672 2.80835546082772 2.81702338560572 2.70931007012034 2.47685100581991 2.50829822299125 2.73832944736111 3.21874352860585 3.61314243295985 4.88929630252843 4.26001058396457 5.4144533320908 4.40497506408634 3.49440933060154 3.29764609082453 3.45429423366276 2.56472489403943 2.74860953059009 3.15027283274694 2.19166381869811 1.60721602074644 1.3721395245091 1.18449941636899 1.1740865519699 1.28360176794782 1.49707488033401 1.42615741009971
2.80211534597324 2.67120543013231 2.50772922942115 2.36610294293365 2.23735521466193 2.51505046806728 2.77224241836323 2.58458331576421 2.78009464665811 2.41113047805746 2.30840544356106 2.1327334499119 2.1697949550261 2.64719325332183 2.67412636081495 2.34776193241811 2.25935691951814 2.10655907803045 2.17996117652627 2.35485553762775 2.23872080523159 2.33746285473022 2.62932641411706 2.78591758858208 2.70295609353705 2.46201885400194 2.79987724058247 2.99172804217444 2.88577866076906 2.73523786661871 2.53820915452261 2.72059535931941 2.92889051619089 4.31325079199692 5.46050520267532 5.01381434288936 5.22857709801661 5.16133930908013 3.19691257883406 3.33829229744024 3.35196743765205 3.13511821773138 2.63313871904802 2.72626648810555 1.73573610057814 2.17152093019532 2.11829965660779 1.66675328199944 1.46987626301299 1.16124591140521 1.13861834587946 1.05448090853432 0.970665926885004
2.65292123795477 2.73121692271017 2.55673988457442 2.46101355801072 2.24183144044698 2.18576509398428 2.39861233444829 2.53999202304743 2.78223801981067 2.47328517874914 2.27500464779106 1.99622827809583 1.88341283489617 2.23012879827514 2.29537515472682 2.37357594220528 2.38195934019119 2.1408134241697 2.07431524885604 2.32570330419925 2.25400820891903 2.33105204480541 2.69269498976346 2.84113036967202 2.71149122214142 2.50507381606817 2.90030726132898 3.02791692744288 2.91555675111621 2.72848560653916 2.56986496566096 2.83646454437886 4.26166071632984 4.68684300702221 4.92762859095647 5.38425796378848 5.55784352265126 4.47215601968131 3.92518689977435 3.34172531333385 3.26170368341627 2.48589824964231 2.67262792155933 1.68801522319762 2.15168150292945 3.3023688844909 1.74584549623855 1.39804839406441 1.39571545141079 1.40743702802746 1.69319322372288 1.23965532660861 1.34526336288391
2.47497324001815 2.71204123625613 2.40496625101749 2.27174236447658 2.05106183016251 2.17019326102764 2.33795599049286 2.57145821967415 2.64468960059436 2.43857568576508 2.20932210894643 1.91431000044398 1.83601439070619 2.30172910880483 2.24552997367026 2.29070931443014 2.38996338912567 2.25827573571241 2.2658815461612 2.25634115157265 2.28921085266924 2.40955626351375 2.62695551255266 2.63877192643219 2.6063384527391 2.74047274549606 2.99629907521531 3.16639475483591 2.99576802555246 2.85584876478584 2.58543685112993 4.17249705033757 4.58726649163438 4.71451575814519 5.73692964275978 5.72004906007676 5.33651812195609 3.23126174723264 3.32262557470841 2.71501907529789 2.17097084856476 1.85890752232305 1.88377318198692 1.46488793701344 2.05246537214118 2.5629419880058 1.26461583853887 1.5134054338988 1.89653796849503 1.96123425081791 1.87444147138653 1.40182279259692 0.960272045692182
2.37217239272485 2.40885447377001 2.2468197739483 2.02242165193795 2.08912841371686 2.20196287388072 2.34766705014469 2.54168006931291 2.51152261491081 2.35574695688664 2.09654456464346 1.82273754149239 1.88113680810343 2.34764805568578 2.39510340073311 2.2045803508282 2.25171324017971 2.19141723581327 2.25893961155593 2.08332459378174 2.06885280405805 2.14980375963297 2.31280582654217 2.27379076533458 2.33736803247089 2.60436583467096 2.94286919265724 3.0909631524181 3.02421843923017 2.83828534180742 3.47807879204027 4.36357012936073 5.00104957138478 5.7568259933883 6.09219969169323 5.43649296585075 4.29058530131831 2.16674121316631 2.3232755767951 2.27149575158469 2.13411807244927 1.85959031760788 1.26378130513382 1.25456332123053 2.43573062789344 1.93414943521162 1.18793242476085 1.51090178117133 1.89314288900691 1.51312092211022 1.35302082143179 1.184233846527 0.834483177006836
2.26743683376185 2.11913422752164 1.74508679813569 1.81249537966539 1.96112048661199 2.17510566920563 2.38575268067028 2.59380126966045 2.53843672794501 2.33772834205284 2.18548059719923 1.94057923209358 1.91821720265189 2.25692916960871 2.35862997366906 2.26332106009222 2.13652685040508 2.05373615545502 2.08364699696524 2.05394477942908 1.98253413592334 1.84894986478286 2.14331703938836 2.19462270078977 2.34732562999699 2.52455293375209 2.8969501482534 2.96874009580001 2.79316287939961 3.08470405810823 3.85485732004617 4.54345274144415 5.5645579438482 6.04436504260502 5.98670557716083 4.45243037912664 2.53868331082985 2.39498959901839 2.61426663636435 2.88619585620485 2.50613601291676 1.75439959679655 1.26526071992348 1.31863372412947 1.5946788151625 1.09294589186222 1.34363217246522 1.71974692965224 1.39294625884837 1.34073024374326 0.958716743088007 0.567049063008443 0.230651108011303
2.06521108917276 1.64296870111665 1.92997673817933 1.8155869754113 1.9388153130171 2.19242248679393 2.38814256169007 2.56713370950404 2.52650648234372 2.26550212209216 2.35715051386883 2.21465176507255 1.8208977346014 1.97297480688997 2.14572586235474 2.09373737566146 2.02452699866388 2.04626314117987 1.98230656250093 1.86002658252019 1.7964303734373 2.02141640845905 2.32327555428982 2.35409689953897 2.47759070946386 2.61646676033906 2.90112289779801 2.85087940323815 2.90918385509161 3.24706120612402 3.8055243742358 5.06362162504924 5.75866572526167 6.74919615029789 6.72979287541792 4.07144109765479 2.91411521271796 3.74928725768517 3.26117263375343 2.88452681190004 2.09804291387795 1.59869978907809 1.36669599915241 1.59337009544317 1.07274609875119 1.03566567794657 1.403207392629 1.34668585431093 1.17622980509429 0.841823378229392 0.278789238966269 0.113038517440892 0.102920404734171
1.67094496598888 1.80562935537992 1.88356455801286 1.6480708138274 1.91381686468135 2.13868912799542 2.31559393104412 2.47393006013376 2.41249611363768 2.23050814732657 2.38408362136195 1.9760474606893 1.82051840805525 2.02915495506739 1.94471405273445 1.94708491679005 1.88781316536494 1.8977328940014 1.86565975989732 1.88625788526605 2.1646359189527 2.01898866605138 2.26535046649131 2.35246571662205 2.51914731479385 2.56009698264648 2.95648739450288 2.95074043041456 3.36687550729159 4.01013985731122 4.66377921784383 5.33511461748622 6.57538289798454 8.08386314070455 5.93236519086383 3.35409175633161 3.47787007804508 4.32197567014461 3.70949461644222 2.8431029427296 1.90435235790731 1.54758388472177 1.89285839222186 1.34803251793752 1.04767177760445 0.796644084355514 0.957218345092074 1.033313804599 0.830765641822887 0.522780188478685 0.311734854133538 0.10616887543117 0.0881451453340769
1.83455396287368 1.76646259356091 2.09500821898939 1.78247070643339 1.83620405773014 2.17330381372366 2.25101148794477 2.37843144202415 2.20238018934469 2.02333205815399 2.26753169352999 1.92176401275847 1.99317462625716 1.92502635608704 1.91926040504156 1.83233481443302 1.80718463547881 1.71417065313248 1.79191623375204 1.83595750485235 2.13392841292708 2.18806010773417 2.25087865426233 2.38211108581317 2.46882800743709 2.54425959485137 2.78538647890515 3.23636388995044 3.98916244290515 5.13491842182969 5.33276272538426 6.60396619785701 7.14625040799077 7.3843996630521 4.4820757033072 3.80546743586964 4.86564448031046 4.54005769946483 3.44699194446498 2.41659300537483 1.97845628365568 2.54757877152146 1.68456325035389 1.47082463564157 0.959987530152728 0.911375214758914 0.910028558634082 0.623532674298226 0.471967707850482 0.419011964720694 0.311033074704721 0.0952146998978716 0.104105080959545
1.69717627623649 1.80456717353485 2.09423055643466 1.82264270422953 1.876565730052 1.93614095021578 1.96121528636604 2.00389097439846 2.04759082535107 2.05094798343722 2.46249305531975 2.00996037917909 1.75077689887546 1.86550803678062 2.05982451718576 1.90366954761896 1.77055940277868 1.86607703035072 1.89130309711944 2.05794678139104 2.13726659155784 2.34888095510645 2.45054384526659 2.59617214121781 2.71416553993217 2.91087188635358 2.86483905523854 3.87524680643732 5.44267627737076 6.57456730652607 6.34195660162832 7.99096301258528 8.52850547960433 6.42216795108218 4.94251753110539 5.44117781560986 4.49000387943069 3.18875681428464 3.165275687137 2.71209819712758 3.87769358081271 1.75832575595456 1.43968086470363 1.33511601581448 0.781375690130507 0.779061726932274 0.723317832414524 0.348701448842713 0.603560452734158 0.415863451238451 0.302497942349471 -9999 0.127475977230703
1.94300699700653 1.99721463214047 2.08882498248699 1.86220776454831 1.86886515735796 1.99213141636573 2.10479515895397 2.01847652082631 1.97965120166029 2.14910196238747 2.08192097678546 2.21768648996815 1.85962829902394 1.73554644855771 1.94446747735137 1.94260872101204 1.89699318285569 1.9347753446426 1.92726440896548 2.16471174675313 2.18976709594624 2.33569889064318 2.4446640700011 2.73724836858003 2.82580509709493 3.33772327386309 4.10533499918039 4.8320161411251 6.7928770443004 7.2825659878005 8.59020500344415 8.03354345825974 7.87748354350687 6.52172544200406 5.65413876776746 6.38468915300929 3.65841662598612 2.96248101649366 3.15338346046058 4.37809886495235 2.81235750780024 1.33684202099074 1.03202403432801 0.915661751014727 0.835393586973755 0.834312476310189 0.300587404166953 0.408561173293308 0.547759672362568 0.443024134029415 0.335974620307668 -9999 0.0839344800138143
1.74319012789614 2.05504483766555 2.15691635930151 2.04559928784162 1.99533684383342 2.0291170186619 1.9981250008477 2.16694986714741 2.29205594054793 2.65043660969325 2.39531206971774 2.19483128725502 1.86518558858655 1.85348296141823 1.78800905404942 1.82184609972822 1.85932483028526 2.00760847957536 2.01197086613688 1.97767861359919 2.2070839585451 2.44396231026441 2.75824485246263 2.99940963541309 3.80793317469689 4.94069670366979 5.49018850077018 6.32541746910004 7.97804639043406 8.21333141312257 7.73984036204531 7.99631167817383 7.39210016072853 6.43089273920874 6.66919352984274 4.03878000552874 3.20654781068546 3.5360986870946 3.65035563868547 4.18531870019423 1.54974611730154 1.19597440259906 0.889544246232715 0.876665676764289 0.843207961382519 0.533610319580301 0.237498178159827 0.227635360695653 0.33701780488066 0.418613662470038 0.300999553730739 0.144287338351603 0.120539190708941
