Scripts_&_data/Elevation_16_k10.asc
NCOLS 96 
NROWS 78 
XLLCORNER -85.000038 
YLLCORNER 32.9999628 
CELLSIZE 0.1666666 
NODATA_value -9999 
[rows 0 to 22 of 78, columns 0 to 52 of 96]
0.624934119534693 1.09276647693243 0.224024430224446 -9999 -9999 -9999 -9999 0.55292172789478 0.75434055212343 1.0233422913062 0.639761172030612 0.961178840748008 1.26168618893448 0.608455459639739 0.735585846681337 1.38007795741535 1.12991760277242 1.06706262769273 1.41502379150501 0.407434911405583 0.338603824383066 -9999 -9999 0.582111862095403 0.683978287222469 1.00407698131321 1.60492098449127 1.71646567438413 1.81327302721659 1.89650003959129 2.00939137810723 2.26971282304578 2.72875116887939 2.8305468102026 3.26056571127959 3.25149948800181 3.32854327887763 3.29709603169925 3.24169356108008 3.18991375087319 2.97949433533623 2.57022541027461 2.38567685286986 2.06320062472025 1.80515516906563 1.48025119100659 1.20335256835872 1.41073728525624 1.55452579682175 1.61343715614553 2.19430023759217 2.07452388783362 1.86600115753973
0.658221139846137 1.00507863613718 0.635236800881033 0.54483154280251 -9999 -9999 -9999 -9999 -9999 -9999 -9999 -9999 0.401512101350268 0.506395761954827 0.677296784690612 1.41993625782165 1.70481994807317 1.89247905067219 1.88030222218605 1.31007962732235 0.466351408497942 -9999 -9999 -9999 -9999 -9999 1.2784858107371 1.68486671909257 1.84927233548221 1.9449795925694 2.16952937018059 2.42273826796293 2.67634545674328 2.79230938904446 3.16764655869436 3.63446128251715 3.61786528664031 3.47934954534707 3.45108874618099 3.38709426860537 3.45998427438844 3.25015283187698 2.89742431956417 2.20934097587541 2.32416697354871 1.92844041503055 1.49193483871952 1.19779525629082 1.16577901929322 1.09395115409552 1.45697874034534 1.81989250612603 2.04732527801436
2.05125142967061 1.82243406525195 1.7397950334045 1.48876735515909 1.42098455015618 -9999 -9999 -9999 -9999 -9999 -9999 -9999 -9999 -9999 -9999 -9999 -9999 0.946944904672482 1.29215584037422 1.02445261007631 -9999 -9999 -9999 -9999 -9999 -9999 -9999 1.18157851006708 1.79855465460806 2.01147771537073 2.14451199490178 2.36452869838289 2.54285601536389 2.60406238843756 2.93623076429946 3.43130624227776 3.78564692804506 3.67171243215002 3.61524781719459 3.53642111278338 3.55918145572837 3.35082940550128 3.10217261381675 2.82497052618108 2.04330426658997 1.72860455896301 1.6674171128324 1.44838668837832 1.23584293915828 1.247488672971 1.07722228327655 1.22774407546623 1.31049689777576
1.75429092441092 1.7963734800817 1.69736595826397 1.88948226968384 1.77623056157187 1.73452223312518 1.58569365966522 0.747707247468429 -9999 -9999 -9999 -9999 -9999 -9999 -9999 -9999 -9999 -9999 -9999 -9999 -9999 -9999 -9999 -9999 -9999 -9999 -9999 -9999 1.39480503206667 1.7344842742144 2.04336115994557 2.26880240932798 2.58251592044729 2.6323800509522 2.72512850846711 2.93319601689857 3.41799145665847 3.55800546466682 3.77508234803104 3.64091011136682 3.55777789124441 3.50387383737558 3.19368815690746 2.86831004504645 2.78477955643131 2.99299882548829 2.81222473413189 2.19464167274339 1.67845589416424 1.45451302402336 1.3947481218321 1.0184816377775 0.841235407079341
1.99723354408001 2.50228571156622 2.26077941844692 2.15949584733117 2.07308237944241 2.07164094606881 2.02621502992585 1.89299113588317 1.73107024527794 0.94561210430026 -9999 -9999 -9999 -9999 -9999 -9999 -9999 -9999 -9999 -9999 0.717667185311417 0.702248570197357 -9999 -9999 -9999 -9999 -9999 -9999 -9999 1.2064062398895 1.82808622208446 2.03516746649242 2.25971729661595 2.49483167674645 2.54577694604653 2.76818345552982 2.95639255724003 3.11971705733978 3.33349361595936 3.51863011638256 3.57522751250811 3.52551511262166 3.33950618739848 2.88312323241256 2.7105428945234 2.76129848929777 2.66166502054024 2.67831804480438 2.35986284308269 1.85924889746018 1.72035391214017 1.48895699967776 1.17685574453232
2.65132805145742 3.15691126860648 2.76484530690611 2.62437601702124 2.39857437553751 2.22070225041188 1.97327823811984 1.85367262844218 1.73294796606914 1.23505658581341 0.268265616691987 -9999 -9999 -9999 -9999 -9999 -9999 -9999 -9999 -9999 -9999 1.50567204100028 0.52549549682939 -9999 -9999 -9999 -9999 -9999 -9999 0.338286500829497 1.53110159303676 1.8875096891245 1.92906630195625 2.15742846701778 2.47248861175663 2.6619685117842 2.78320528187351 2.83126760940877 2.94279331984625 3.20626328389337 3.4139325238321 3.25256163233807 3.13140073505975 2.83549722230194 2.98531720224259 2.94336228340931 2.98103066598678 2.59812574982352 2.52113883729978 2.26278992040824 2.03120337843068 1.52104909823371 1.27872722115771
3.080341694052 3.23882953875656 3.10057943482117 3.06789936323972 2.86971357952337 2.33167792422936 2.11983594974953 1.98847082704971 1.91637741076442 1.10921595216384 -9999 -9999 -9999 -9999 -9999 -9999 -9999 -9999 -9999 -9999 -9999 -9999 1.55198420768879 1.05950356446775 -9999 -9999 -9999 -9999 -9999 -9999 0.647996436492474 1.46211877070719 1.83569198002093 1.93322006454371 2.19511577653831 2.35527278557587 2.535060605407 2.5854558155818 2.7247112005049 2.89865715897075 3.07176860653685 2.99332128118412 2.8476360918773 2.79752537848755 2.81804761604177 2.82464814550286 2.55774510554804 2.39074099166631 2.23837947510502 2.08922332599733 1.72477320706081 1.38621297822421 1.20010920073465
2.97061784659825 3.02110783402182 2.97608031390153 2.77256487405906 2.87041538427063 2.7378932199576 2.46641917696896 2.30924000697316 2.02333207315751 1.96847963915833 0.543286509171455 -9999 -9999 -9999 -9999 -9999 -9999 -9999 -9999 -9999 -9999 -9999 1.19332415233311 1.60330878102973 1.00739259464681 -9999 -9999 -9999 -9999 0.786996547740589 1.55077031960599 1.30847254568816 1.64799495601994 1.82150469458404 1.93285968744591 2.06054527888313 2.26711437056426 2.31697850106917 2.40525076280607 2.50981558918993 2.62735379604891 2.58314183738004 2.50057871585239 2.51514526031957 2.43802565664685 2.33101408589464 2.24391780021576 2.06834070384355 1.87504842386741 1.78673825573206 1.58420907991309 1.4412930606634 1.18182507607296
2.90709745031227 2.97837532765142 2.88532339389607 2.87121198127018 2.79963065769763 2.86495288696031 2.61335620014127 2.36405455707917 2.00045793599956 1.69112581340244 -9999 -9999 -9999 -9999 -9999 -9999 -9999 -9999 -9999 -9999 -9999 -9999 1.38508523473868 1.91482210065849 1.73338933217895 2.41811031155942 1.74111398740131 -9999 -9999 -9999 1.65220561946476 2.18714967151109 2.32670857768519 1.89964853619457 1.83258138231434 1.98598617628291 2.13349211800772 2.18756697197154 2.25353402260474 2.19894712844051 2.19572272901919 2.13842355815343 2.05936928031982 1.92773861028329 1.98139616378666 1.73573609307638 1.62149809843561 1.57789308474586 1.61155943535433 1.49073992071491 1.43235958104693 1.25983617402218 1.09393217839101
2.81922357709628 2.80753991437982 2.8328228444971 2.88513373437388 3.08929407060449 2.52838423314196 2.33581267735438 2.08097268667625 1.92106224552001 1.59276318047109 -9999 -9999 -9999 -9999 -9999 -9999 -9999 -9999 -9999 -9999 -9999 1.18268011554176 1.92221921961737 2.06534387784464 2.44352603785033 2.96855040627077 3.1000483701548 3.3988158902326 2.94372265300535 1.72924940283882 1.62409656592066 2.01453138221291 2.01449344580742 1.77385969751627 1.78358972912173 2.02974292809288 2.24412642418983 2.13578713175761 2.13377667480686 2.0838366639892 1.97386627115942 1.88365940277748 1.76026037760312 1.57590154723641 1.46437583679894 1.4573390874361 1.32174430683254 1.40216421274461 1.2964044758579 1.24817149826287 1.26122076655251 1.06825091976691 0.949138427097484
2.81431110890419 2.77603581885641 2.9254195413865 2.85391413563551 2.40794401504164 2.10361921290299 2.03456049900802 1.81044694880034 1.46504479883644 0.46151994619683 -9999 -9999 -9999 -9999 -9999 -9999 -9999 -9999 -9999 -9999 1.23185630642922 2.14754666728505 2.05751054648577 2.21442416914486 2.59105104905166 3.16362553976821 3.57858465559073 3.90090911561307 3.94060703962134 2.63152656059705 1.87074293066149 2.09436333010302 2.00916377467778 1.88853391956055 1.96739851536669 2.2211574722743 2.17833008363047 2.11520801585131 2.24917168855555 1.91971558189342 1.6970814464754 1.78558127413294 1.64566201336631 1.18258372916525 1.16562729617652 1.0318533167524 1.0224836509921 0.965070674660735 0.930892220086881 0.911394181086222 0.727647414712809 0.674572747103237 0.447410617185063
2.76004665543227 2.79375092744272 2.40989763865088 2.03767108921285 1.91721195917299 1.92369866441407 1.7529201595016 1.52785825166886 0.704457472170177 -9999 -9999 -9999 -9999 -9999 -9999 -9999 -9999 -9999 -9999 -9999 1.93358041913623 2.28416566332113 2.41048564168341 2.44718667217692 2.62485017332849 3.25476183883214 3.72201282006549 3.86792562780528 3.87004993148132 3.3563298767259 2.10130525720652 1.97367656662666 2.03512954509045 2.1601597231747 2.43561682617871 2.46471215124808 2.19306739818559 2.34083895476295 2.42106918614931 1.8121350175711 1.71612424673467 2.01855240113906 1.55845193347448 1.26675908603693 0.798711487174191 0.826460141115207 0.810603770113827 0.890378798392165 0.525326881622307 0.206926475576289 -9999 0.2684158357056 0.594076987134576
2.67736971718637 2.34320980381503 1.99065200907783 1.83235377138312 1.80600868192606 1.69368635948552 1.0598829003911 -9999 -9999 -9999 1.1469878759224 1.59777044841723 1.75953963090928 1.40933885010138 -9999 -9999 -9999 -9999 -9999 0.569100528335826 2.15154871425757 2.49972518048667 2.60303820301208 2.85723333481088 3.00045281529749 3.26090708641672 3.63713566032199 3.76533334447195 3.75410490361791 3.48792258785165 2.86298031390273 2.18077682049706 2.18585996125418 2.07647746643229 1.81185050578253 1.46718293951068 1.12086525962797 1.0096050918386 0.789495067388079 0.627427521105725 0.319760908546259 -9999 -9999 -9999 -9999 0.326342442610718 0.451745325061568 0.673572623576239 -9999 -9999 -9999 -9999 0.290745062759493
2.28864190410971 1.97809586154731 1.82482388625765 1.69433122586661 1.69336390378969 1.57946733679838 0.667344237725118 -9999 -9999 1.10240168721627 1.62857279920747 1.82713785695765 1.93758247361052 1.84980337014153 0.559161835247501 -9999 -9999 -9999 -9999 0.597114727738107 2.20410614951039 2.58151065446311 2.72994609438576 2.84517038305708 3.09212014902074 3.26388491045496 3.4554512302654 3.43490998324875 3.40974083984267 3.24869238904094 2.43385290710224 1.84113551287938 1.42151052675313 1.38351969973247 1.05856393045305 -9999 -9999 -9999 -9999 -9999 -9999 -9999 -9999 -9999 -9999 -9999 -9999 -9999 -9999 -9999 -9999 -9999 -9999
2.15520935608592 1.93257519816262 1.75054929544601 1.65768706622342 1.59782734927459 1.56738536057862 1.45720632126951 1.10042913103765 1.33316753091155 1.65704220734409 1.80507928875288 1.88136441153288 1.9333338737602 1.94277941608237 0.828178933348246 -9999 -9999 -9999 -9999 -9999 2.13940988219102 2.46590703174389 2.71223092578537 2.85431238912472 2.98609490980789 3.08863025477505 2.89296711824507 2.77099056949421 2.78648659715571 2.81973572232134 2.08802837798568 1.54822875110286 0.822909713284374 -9999 -9999 -9999 -9999 -9999 -9999 -9999 -9999 -9999 -9999 -9999 -9999 -9999 -9999 -9999 -9999 -9999 -9999 -9999 0.299504202387502
2.17812144465289 1.95046101682278 1.81528352917791 1.73247377975485 1.60943513167829 1.52624605570909 1.51247604072561 1.55507579593294 1.66038038597485 1.82709991305039 1.96214466453571 1.9497592720896 1.91852066388881 1.89359808086229 1.38574393811799 -9999 -9999 -9999 -9999 -9999 2.02790309119485 2.37809003687998 2.67018119969627 2.82849842434812 2.92608340222651 2.87276729137612 2.82967434039206 2.52851696930151 2.44121211966267 2.34732561499347 1.97295584993986 0.984194501440824 -9999 -9999 -9999 -9999 -9999 -9999 -9999 -9999 -9999 -9999 -9999 -9999 -9999 -9999 -9999 -9999 -9999 -9999 0.599844446034018 1.05423434815476 1.12767439430872
1.9954316960998 1.8776658408008 1.81073146809067 1.69288974748244 1.60181038678468 1.53284655516313 1.57495320461488 1.66434446653483 1.84523231459539 2.07410666989254 1.99220730418024 2.06346613454815 1.94604172940389 1.89835880343239 1.59572203630658 -9999 -9999 -9999 0.60058569691618 1.37070316982771 1.90873372392422 2.2780962585405 2.50736881481454 2.71242063031813 2.77063021490169 2.57320314429172 2.42336416989215 2.28003085768378 2.00273397029406 1.91320991970223 1.52907214912886 0.740655145751655 -9999 -9999 -9999 0.461258015646657 0.730402736519092 0.972107420272694 1.10961786182383 1.1870030615947 1.30387743011897 1.31324709963014 1.12213605794533 0.95001091566243 0.536580921298113 0.671956824895731 0.74833677931227 0.746041758060621 0.687727096310405 0.952476626358084 1.11521312905162 1.10555892524658 1.06762503284121
1.88895117501043 1.80509827571003 1.77065427755035 1.7651348718809 1.80272738914915 1.79534924964566 1.77638229219033 1.8592868488692 1.91537212977672 2.04254559849416 2.12673993294578 2.0852971518358 1.98359633277193 1.91027005457477 1.73431358664584 0.4032913924728 -9999 1.23154769148248 1.8302674191161 1.84494784031562 1.92111916888266 2.19866264665898 2.26645056973834 2.37511221284174 2.41077013846846 2.46768993027575 2.21140846871521 2.05519654577873 1.80428269175332 1.70246807097473 1.69459675069803 1.62980563861405 1.57421347846564 1.44148273143824 1.34651517049324 1.34021812852524 1.40954235974987 1.50043202341663 1.55693459728284 1.74607309216624 1.84828601144461 1.7520476821893 1.60528136909083 1.45005575518842 1.41011133831645 1.38228687157853 1.32375479379033 1.26952825421862 1.13220749094408 1.08797655281982 1.18095256875361 1.34898086055905 1.32627742597319
1.8777607080707 1.88301452889463 1.94695215062345 1.97581984225633 1.99457816823584 2.00514278575867 1.98659305374618 2.02325623785532 2.14618106171188 2.36151293043739 2.50302544521721 2.20655288637697 1.94507439982521 1.84422709362177 1.6363682016626 1.4765336633244 1.61009897001301 1.71312750325513 1.81602323282186 1.86914968415006 1.90719738577192 1.9770716611183 2.10665391529331 2.15926828891229 2.19902303125854 2.12992638095808 2.00514274074811 1.96908658413745 1.85666941693229 1.72771308719179 1.65903373735178 1.4814460902568 1.39328766024167 1.25496166474087 1.17579357206446 1.24213999988069 1.09608058334978 1.63268861038591 1.91946905152091 2.3686634740132 2.55300333242628 2.54742703340124 2.0729875721866 1.69144823158947 1.97756478937918 2.11006793672801 1.83772140142354 1.71646565938061 1.27225952537906 1.18148365592526 1.71722436498523 2.33770937760097 2.58025885810642
2.09813777364609 2.10024306785969 2.10280362894629 2.12630367553522 2.19191037157591 2.1902602842212 2.17438489250475 2.34131308856491 2.473019676423 2.52631685282857 2.4404534215598 2.0554241642117 1.66326335024494 1.56784059369369 1.53559679077544 1.44980919480886 1.57076148311664 1.64587064484214 1.69220694469585 1.77831692134065 1.77188712445869 1.81342478034033 1.82715682891127 1.87542773541003 1.84627552448682 1.82076496843481 1.81996837143526 1.84955680976198 0.936133732396413 -9999 -9999 -9999 -9999 -9999 -9999 -9999 0.931752372943544 2.21550530794003 2.69055170663203 3.2978357353432 3.86678756564746 3.34741538406658 2.17468842125751 2.37399317514988 3.06935980607576 3.36814626059838 2.50915170584464 2.32638613699289 1.46048762154818 1.41001652355887 2.50611701095609 3.07059267548939 3.62657108030796
2.20128007109413 2.20899962324356 2.2060217842018 2.25514622606628 2.26853689950008 2.25912928608165 2.32680336243572 2.37926605794857 2.38590442629226 2.31206606288413 2.09233387869336 1.66819474538009 1.44937297303167 0.296241874062452 0.995190185155585 1.39362906913672 1.48654819921667 1.53591922396599 1.62007559200507 1.73084261934321 1.45637691344268 0.661033379388745 -9999 -9999 -9999 -9999 0.912842322909619 0.555234169173245 -9999 -9999 -9999 -9999 -9999 -9999 -9999 1.33990593898937 2.36403556262025 3.28933859565665 3.65160745754744 3.81235241710521 4.39900040654744 3.53501756330295 3.2228973136986 2.88606312754707 3.88078520656567 3.78126556952992 3.72889780130106 2.61722547344544 1.95552517062275 2.70987904118516 1.92445728749933 2.94116218193989 3.3506967143523
2.259451756781 2.30336026921648 2.31625777688061 2.33560406838384 2.28905913705431 2.30620526707403 2.2313427032369 2.25778265996386 2.26110185163747 1.87176711608697 1.63464219648634 1.59589272762602 1.00580809706417 -9999 -9999 0.73796695908021 1.47569910741407 1.53039982579831 1.63519227061514 0.8974032017318 -9999 -9999 -9999 -9999 -9999 -9999 -9999 -9999 -9999 -9999 -9999 -9999 -9999 1.57411502535397 2.9495834188084 3.27839463658415 3.12425014647338 3.56217822921495 4.28330194656535 4.35069160115199 4.25244277743712 3.71651236384439 4.49451798910891 3.80861590996763 4.23954522476242 3.76618689484119 3.4602687711735 3.27082684506022 2.67520747710484 3.47068163557259 2.76962496392103 2.98825708237357 3.65593196771756
2.3249067071997 2.40498520046584 2.41947597714668 2.36824621106155 2.37846935592436 2.39117726408039 2.25207356476518 2.14872256832547 1.86945315288873 1.66453414106055 1.54022468716486 1.28790727990814 1.48209098289405 1.19748304331195 1.2301769565802 1.4005520149094 1.44825395221878 0.912519870026949 0.547169611034351 -9999 -9999 -9999 -9999 -9999 -9999 -9999 -9999 -9999 -9999 -9999 -9999 1.74550047337012 3.20205263545207 3.58036753911907 3.87192774229365 3.62313810942491 4.11193558865557 4.43304615871967 4.49580778188518 4.56175588307004 4.40977370055666 4.04562708786762 4.68022349810573 4.67984411904726 4.18366853782192 3.9758855261755 3.51240901099051 3.73117379058499 3.39836062335961 3.21100499700104 3.54288883106732 3.19196221174528 3.12739868058547
