node1,node2,length,startLon,startLat,endLon,endLat,endNodeL,startNodeL,startYear,endYear,tipLabel
194,195,0.833333333300004,-78.5859539957308,38.6615626485025,-78.0404702104815,36.8766437786386,0.833333333300004,0,1972.00000033403,1972.83333366733,NA
194,257,0.41666666670001,-78.5859539957308,38.6615626485025,-78.9171524309675,38.2029683539809,0.41666666670001,0,1972.00000033403,1972.41666700073,NA
257,313,0.249999999999993,-78.9171524309675,38.2029683539809,-78.8803264025732,38.3423115539656,0.666666666700003,0.41666666670001,1972.41666700073,1972.66666700073,NA
195,198,0.75,-78.0404702104815,36.8766437786386,-78.033057180698,37.075156271353,1.5833333333,0.833333333300004,1972.83333366733,1973.58333366733,NA
257,258,1.583333333,-78.9171524309675,38.2029683539809,-77.763168681486,40.253551576092,1.99999999970001,0.41666666670001,1972.41666700073,1974.00000033373,NA
313,325,1.75,-78.8803264025732,38.3423115539656,-78.6278579565139,38.6063628281349,2.4166666667,0.666666666700003,1972.66666700073,1974.41666700073,NA
258,259,1.166666667,-77.763168681486,40.253551576092,-78.371918852496,40.0919332080542,3.1666666667,1.99999999970001,1974.00000033373,1975.16666700073,NA
198,219,2.583333333,-78.033057180698,37.075156271353,-77.5816428856689,37.1645850711884,4.1666666663,1.5833333333,1973.58333366733,1976.16666700033,NA
198,199,2.75,-78.033057180698,37.075156271353,-81.2690281369194,40.2844513311877,4.3333333333,1.5833333333,1973.58333366733,1976.33333366733,NA
325,332,1.916666667,-78.6278579565139,38.6063628281349,-78.8958231657744,37.9455174937964,4.3333333337,2.4166666667,1974.41666700073,1976.33333366773,NA
195,196,4.333333333,-78.0404702104815,36.8766437786386,-77.8314831922216,37.3631864776598,5.1666666663,0.833333333300004,1972.83333366733,1977.16666700033,NA
219,220,1.416666667,-77.5816428856689,37.1645850711884,-78.0584507744078,37.2898299985998,5.5833333333,4.1666666663,1976.16666700033,1977.58333366733,NA
259,260,2.5,-78.371918852496,40.0919332080542,-78.8342309436912,40.0224794890816,5.6666666667,3.1666666667,1975.16666700073,1977.66666700073,NA
199,201,1.666666667,-81.2690281369194,40.2844513311877,-81.2040031584383,40.1426093890875,6.0000000003,4.3333333333,1976.33333366733,1978.00000033433,NA
332,333,1.666666667,-78.8958231657744,37.9455174937964,-79.0127043375286,37.4432498656494,6.0000000007,4.3333333337,1976.33333366773,1978.00000033473,NA
333,336,0.166666666699999,-79.0127043375286,37.4432498656494,-79.0750103550264,37.4309910937445,6.1666666674,6.0000000007,1978.00000033473,1978.16666700143,NA
258,275,4.416666667,-77.763168681486,40.253551576092,-77.4615893213308,40.0960735102013,6.4166666667,1.99999999970001,1974.00000033373,1978.41666700073,NA
325,326,4.333333333,-78.6278579565139,38.6063628281349,-80.9243827734309,39.2862989300913,6.7499999997,2.4166666667,1974.41666700073,1978.75000033373,NA
201,202,0.916666666699999,-81.2040031584383,40.1426093890875,-81.0897283448147,40.1718605628004,6.916666667,6.0000000003,1978.00000033433,1978.91666700103,NA
275,283,0.666666666699999,-77.4615893213308,40.0960735102013,-77.9735771464355,40.0177919660877,7.0833333334,6.4166666667,1978.41666700073,1979.08333366743,NA
202,204,0.25,-81.0897283448147,40.1718605628004,-81.199633682271,40.0698625812728,7.166666667,6.916666667,1978.91666700103,1979.16666700103,NA
326,327,0.666666666699999,-80.9243827734309,39.2862989300913,-80.9987800165213,39.2881454385087,7.4166666664,6.7499999997,1978.75000033373,1979.41666700043,NA
327,329,0.166666666699999,-80.9987800165213,39.2881454385087,-80.9743039676269,39.2909106045062,7.5833333331,7.4166666664,1979.41666700043,1979.58333366713,NA
204,205,0.416666666699999,-81.199633682271,40.0698625812728,-81.217488266386,39.9783186628152,7.5833333337,7.166666667,1979.16666700103,1979.58333366773,NA
205,206,0.0833333333299997,-81.217488266386,39.9783186628152,-81.6770558345548,39.5334440107259,7.66666666703,7.5833333337,1979.58333366773,1979.66666700106,NA
333,334,1.916666667,-79.0127043375286,37.4432498656494,-78.9975141557982,37.2743054310564,7.9166666677,6.0000000007,1978.00000033473,1979.91666700173,NA
336,337,1.833333333,-79.0750103550264,37.4309910937445,-78.8133151219175,37.3608006821337,8.0000000004,6.1666666674,1978.16666700143,1980.00000033443,NA
219,221,4.083333333,-77.5816428856689,37.1645850711884,-78.816981921282,38.6346248503658,8.2499999993,4.1666666663,1976.16666700033,1980.25000033333,NA
206,208,0.833333333300001,-81.6770558345548,39.5334440107259,-81.5416124708485,39.5398310369413,8.50000000033,7.66666666703,1979.66666700106,1980.50000033436,NA
336,355,2.333333333,-79.0750103550264,37.4309910937445,-78.951143013265,37.6210633581713,8.5000000004,6.1666666674,1978.16666700143,1980.50000033443,NA
221,222,0.416666666699996,-78.816981921282,38.6346248503658,-78.7865061156645,38.5893434819327,8.666666666,8.2499999993,1980.25000033333,1980.66666700003,NA
199,200,4.916666667,-81.2690281369194,40.2844513311877,-81.1172838447718,40.4634996237868,9.2500000003,4.3333333333,1976.33333366733,1981.25000033433,NA
329,330,1.75,-80.9743039676269,39.2909106045062,-80.949415730488,39.5236888326766,9.3333333331,7.5833333331,1979.58333366713,1981.33333366713,NA
222,223,0.916666666700003,-78.7865061156645,38.5893434819327,-78.5243137636042,38.7224397197053,9.5833333327,8.666666666,1980.66666700003,1981.58333366673,NA
221,228,1.5,-78.816981921282,38.6346248503658,-78.2556485475584,38.5479605317778,9.7499999993,8.2499999993,1980.25000033333,1981.75000033333,NA
337,343,1.833333333,-78.8133151219175,37.3608006821337,-78.3672409131201,37.4751937244347,9.83333333340001,8.0000000004,1980.00000033443,1981.83333366743,NA
355,363,1.333333333,-78.951143013265,37.6210633581713,-78.9872525752427,37.560317988666,9.83333333340001,8.5000000004,1980.50000033443,1981.83333366743,NA
228,237,0.166666666699996,-78.2556485475584,38.5479605317778,-78.2279367313799,38.6132024012716,9.916666666,9.7499999993,1981.75000033333,1981.91666700003,NA
363,365,0.0833333333299997,-78.9872525752427,37.560317988666,-78.8804047922759,37.8677063890909,9.91666666673001,9.83333333340001,1981.83333366743,1981.91666700076,NA
365,366,0.0833333333299997,-78.8804047922759,37.8677063890909,-78.8707596196479,37.856204129345,10.00000000006,9.91666666673001,1981.91666700076,1982.00000033409,NA
343,344,0.333333333300001,-78.3672409131201,37.4751937244347,-78.4698119634371,37.5547179495843,10.1666666667,9.83333333340001,1981.83333366743,1982.16666700073,NA
283,89,3.24999966590004,-77.9735771464355,40.0177919660877,-78.616765,39.994282,10.3333329993,7.0833333334,1979.08333366743,1982.33333333333,43
228,229,0.583333333299997,-78.2556485475584,38.5479605317778,-78.4581163567091,38.5737690165608,10.3333333326,9.7499999993,1981.75000033333,1982.33333366663,NA
313,314,9.75,-78.8803264025732,38.3423115539656,-78.4891415651375,38.5287496748796,10.4166666667,0.666666666700003,1972.66666700073,1982.41666700073,NA
330,331,1.166666667,-80.949415730488,39.5236888326766,-80.480369039711,39.5667703557456,10.5000000001,9.3333333331,1981.33333366713,1982.50000033413,NA
208,12,2.08333299897004,-81.5416124708485,39.5398310369413,-81.330943,39.731312,10.5833329993,8.50000000033,1980.50000033436,1982.58333333333,63
260,261,5.25,-78.8342309436912,40.0224794890816,-80.8697039890816,39.3131590347749,10.9166666667,5.6666666667,1977.66666700073,1982.91666700073,NA
344,346,0.75,-78.4698119634371,37.5547179495843,-78.250921799479,37.0370128091515,10.9166666667,10.1666666667,1982.16666700073,1982.91666700073,NA
196,1,5.833333333,-77.8314831922216,37.3631864776598,-77.3971198563798,38.106374065911,10.9999999993,5.1666666663,1977.16666700033,1983.00000033333,25
200,4,1.749999999,-81.1172838447718,40.4634996237868,-81.40439,40.240449,10.9999999993,9.2500000003,1981.25000033433,1983.00000033333,66
327,328,3.583333333,-80.9987800165213,39.2881454385087,-81.1475606778874,39.4249842836811,10.9999999994,7.4166666664,1979.41666700043,1983.00000033343,NA
346,151,0.250000332599956,-78.250921799479,37.0370128091515,-78.198736,37.14532,11.1666669993,10.9166666667,1982.91666700073,1983.16666733333,94
328,134,0.166666999899959,-81.1475606778874,39.4249842836811,-80.183909,39.821923,11.1666669993,10.9999999994,1983.00000033343,1983.16666733333,97
237,43,1.41666633330004,-78.2279367313799,38.6132024012716,-79.1265451088125,37.5241467706505,11.3333329993,9.916666666,1981.91666700003,1983.33333333333,79
331,138,0.833332999200035,-80.480369039711,39.5667703557456,-80.483146,39.571283,11.3333329993,10.5000000001,1982.50000033413,1983.33333333333,91
365,369,1.416666667,-78.8804047922759,37.8677063890909,-80.3938826296059,37.6777654521867,11.33333333373,9.91666666673001,1981.91666700076,1983.33333366776,NA
366,172,1.49999999924,-78.8707596196479,37.856204129345,-79.9279324011656,38.6226297651764,11.4999999993,10.00000000006,1982.00000033409,1983.50000033333,83
204,8,4.50000033229996,-81.199633682271,40.0698625812728,-81.539996,39.429772,11.6666669993,7.166666667,1979.16666700103,1983.66666733333,44
329,135,4.08333366619996,-80.9743039676269,39.2909106045062,-81.060954,37.958138,11.6666669993,7.5833333331,1979.58333366713,1983.66666733333,50
366,367,1.916666667,-78.8707596196479,37.856204129345,-78.7289473359453,38.0503011198926,11.91666666706,10.00000000006,1982.00000033409,1983.91666700109,NA
208,209,3.4816379810896,-81.5416124708485,39.5398310369413,-83.1199370043722,39.8503451512756,11.9816379814196,8.50000000033,1980.50000033436,1983.98163831545,NA
220,26,6.416666666,-78.0584507744078,37.2898299985998,-79.620573,37.040362,11.9999999993,5.5833333333,1977.58333366733,1984.00000033333,27
209,13,0.018362017880392,-83.1199370043722,39.8503451512756,-83.157052,39.845449,11.9999999993,11.9816379814196,1983.98163831545,1984.00000033333,102
314,315,1.583333333,-78.4891415651375,38.5287496748796,-78.4022669905987,38.6218898274048,11.9999999997,10.4166666667,1982.41666700073,1984.00000033373,NA
209,210,0.101695352240394,-83.1199370043722,39.8503451512756,-83.6271343760564,39.7604363953661,12.08333333366,11.9816379814196,1983.98163831545,1984.08333366769,NA
261,262,1.166666667,-80.8697039890816,39.3131590347749,-80.9821013770309,39.3356678555941,12.0833333337,10.9166666667,1982.91666700073,1984.08333366773,NA
363,364,2.333333333,-78.9872525752427,37.560317988666,-78.7896638949009,37.6451463456734,12.1666666664,9.83333333340001,1981.83333366743,1984.16666700043,NA
220,25,6.58333366599996,-78.0584507744078,37.2898299985998,-79.1211509360252,37.5214717737394,12.1666669993,5.5833333333,1977.58333366733,1984.16666733333,26
332,139,7.9166666656,-78.8958231657744,37.9455174937964,-78.6428499621717,37.5297365665453,12.2499999993,4.3333333337,1976.33333366773,1984.25000033333,23
331,137,1.7499999992,-80.480369039711,39.5667703557456,-79.863942,39.056965,12.2499999993,10.5000000001,1982.50000033413,1984.25000033333,90
196,197,7.166666667,-77.8314831922216,37.3631864776598,-77.5203988146333,37.3429908449714,12.3333333333,5.1666666663,1977.16666700033,1984.33333366733,NA
202,203,5.5,-81.0897283448147,40.1718605628004,-79.5782275142753,36.0634274553892,12.416666667,6.916666667,1978.91666700103,1984.41666700103,NA
315,121,0.499999999599996,-78.4022669905987,38.6218898274048,-80.401792,38.270189,12.4999999993,11.9999999997,1984.00000033373,1984.50000033333,104
206,207,4.833333333,-81.6770558345548,39.5334440107259,-81.7339107457693,39.5500516321947,12.50000000003,7.66666666703,1979.66666700106,1984.50000033406,NA
200,5,3.33333299900004,-81.1172838447718,40.4634996237868,-80.796826,40.892663,12.5833329993,9.2500000003,1981.25000033433,1984.58333333333,67
262,66,0.49999966560004,-80.9821013770309,39.3356678555941,-80.844075,39.376838,12.5833329993,12.0833333337,1984.08333366773,1984.58333333333,107
344,345,2.5,-78.4698119634371,37.5547179495843,-78.6706723831206,37.6989248566466,12.6666666667,10.1666666667,1982.16666700073,1984.66666700073,NA
364,170,0.583333332899993,-78.7896638949009,37.6451463456734,-78.6423320043052,37.5204801382696,12.7499999993,12.1666666664,1984.16666700043,1984.75000033333,110
364,171,0.750000332899955,-78.7896638949009,37.6451463456734,-78.641582792535,37.5238346907464,12.9166669993,12.1666666664,1984.16666700043,1984.91666733333,111
345,149,0.333333332599995,-78.6706723831206,37.6989248566466,-78.6452778632905,37.5213978514822,12.9999999993,12.6666666667,1984.66666700073,1985.00000033333,118
345,150,0.333333332599995,-78.6706723831206,37.6989248566466,-78.23392,37.569677,12.9999999993,12.6666666667,1984.66666700073,1985.00000033333,119
326,132,6.41666699959996,-80.9243827734309,39.2862989300913,-81.063259,39.259563,13.1666669993,6.7499999997,1978.75000033373,1985.16666733333,39
334,140,5.41666633160004,-78.9975141557982,37.2743054310564,-79.033678,37.021623,13.3333329993,7.9166666677,1979.91666700173,1985.33333333333,54
330,136,3.99999966620004,-80.949415730488,39.5236888326766,-81.043159,39.835563,13.3333329993,9.3333333331,1981.33333366713,1985.33333333333,68
262,263,1.25,-80.9821013770309,39.3356678555941,-81.4296583185049,39.841046947497,13.3333333337,12.0833333337,1984.08333366773,1985.33333366773,NA
229,231,3.083333333,-78.4581163567091,38.5737690165608,-78.0358588768236,38.9550342260855,13.4166666656,10.3333333326,1982.33333366663,1985.41666699963,NA
260,65,7.8333333326,-78.8342309436912,40.0224794890816,-78.737483,40.104665,13.4999999993,5.6666666667,1977.66666700073,1985.50000033333,29
367,173,1.58333333224,-78.7289473359453,38.0503011198926,-78.751346,37.978886,13.4999999993,11.91666666706,1983.91666700109,1985.50000033333,100
261,268,2.583333333,-80.8697039890816,39.3131590347749,-81.2089281335318,38.4154617064707,13.4999999997,10.9166666667,1982.91666700073,1985.50000033373,NA
369,374,2.333333333,-80.3938826296059,37.6777654521867,-80.1356291510071,37.7180980781298,13.66666666673,11.33333333373,1983.33333366776,1985.66666700076,NA
268,73,0.249999999599996,-81.2089281335318,38.4154617064707,-81.329095,38.307227,13.7499999993,13.4999999997,1985.50000033373,1985.75000033333,124
203,7,1.41666633230004,-79.5782275142753,36.0634274553892,-79.6164794625126,36.4813236460498,13.8333329993,12.416666667,1984.41666700103,1985.83333333333,115
263,265,0.5,-81.4296583185049,39.841046947497,-81.2100548338359,39.6860348486976,13.8333333337,13.3333333337,1985.33333366773,1985.83333366773,NA
283,284,7.083333333,-77.9735771464355,40.0177919660877,-77.1789462981464,39.2505286287807,14.1666666664,7.0833333334,1979.08333366743,1986.16666700043,NA
259,64,11.0833333326,-78.371918852496,40.0919332080542,-79.033737,40.940603,14.2499999993,3.1666666667,1975.16666700073,1986.25000033333,16
210,14,2.16666666564,-83.6271343760564,39.7604363953661,-82.681696,39.764978,14.2499999993,12.08333333366,1984.08333366769,1986.25000033333,108
197,2,1.916666666,-77.5203988146333,37.3429908449714,-78.237967,38.436258,14.2499999993,12.3333333333,1984.33333366733,1986.25000033333,112
337,338,6.25,-78.8133151219175,37.3608006821337,-78.7608972111601,38.8857287447022,14.2500000004,8.0000000004,1980.00000033443,1986.25000033443,NA
203,6,1.91666633230004,-79.5782275142753,36.0634274553892,-80.786336,36.402916,14.3333329993,12.416666667,1984.41666700103,1986.33333333333,114
231,232,1.083333333,-78.0358588768236,38.9550342260855,-77.5974620382868,39.1749281038321,14.4999999986,13.4166666656,1985.41666699963,1986.50000033263,NA
315,316,2.5,-78.4022669905987,38.6218898274048,-78.3196962021064,38.8100016536594,14.4999999997,11.9999999997,1984.00000033373,1986.50000033373,NA
284,285,0.333333333300001,-77.1789462981464,39.2505286287807,-77.1562698095087,39.2771765994515,14.4999999997,14.1666666664,1986.16666700043,1986.50000033373,NA
355,356,6.166666667,-78.951143013265,37.6210633581713,-78.9495012917404,38.963607353911,14.6666666674,8.5000000004,1980.50000033443,1986.66666700143,NA
265,69,0.916666665600001,-81.2100548338359,39.6860348486976,-81.24414,39.988011,14.7499999993,13.8333333337,1985.83333366773,1986.75000033333,128
346,347,3.833333333,-78.250921799479,37.0370128091515,-78.190236561441,36.3443115261121,14.7499999997,10.9166666667,1982.91666700073,1986.75000033373,NA
316,317,0.25,-78.3196962021064,38.8100016536594,-78.2063268807106,38.64079513473,14.7499999997,14.4999999997,1986.50000033373,1986.75000033373,NA
229,230,4.5,-78.4581163567091,38.5737690165608,-78.4131315170233,38.5230622406017,14.8333333326,10.3333333326,1982.33333366663,1986.83333366663,NA
369,370,3.583333333,-80.3938826296059,37.6777654521867,-80.4255600776512,37.4854974793119,14.91666666673,11.33333333373,1983.33333366776,1986.91666700076,NA
347,152,0.166666999599958,-78.190236561441,36.3443115261121,-78.4581394552566,36.1320912320087,14.9166669993,14.7499999997,1986.75000033373,1986.91666733333,143
370,371,0.0833333333299997,-80.4255600776512,37.4854974793119,-80.1443680150011,37.6018696867153,15.00000000006,14.91666666673,1986.91666700076,1987.00000033409,NA
263,264,1.833333333,-81.4296583185049,39.841046947497,-80.7182744660276,39.8721697047435,15.1666666667,13.3333333337,1985.33333366773,1987.16666700073,NA
230,35,0.333333666699961,-78.4131315170233,38.5230622406017,-77.952689297509,38.4786246445887,15.1666669993,14.8333333326,1986.83333366663,1987.16666733333,147
371,177,0.249999999239996,-80.1443680150011,37.6018696867153,-80.1683240204047,37.6169968983693,15.2499999993,15.00000000006,1987.00000033409,1987.25000033333,151
207,11,2.83333299927004,-81.7339107457693,39.5500516321947,-81.598658,39.770616,15.3333329993,12.50000000003,1984.50000033406,1987.33333333333,117
232,36,0.833333000700033,-77.5974620382868,39.1749281038321,-76.523745,39.051061,15.3333329993,14.4999999986,1986.50000033263,1987.33333333333,137
264,68,0.333333332599999,-80.7182744660276,39.8721697047435,-80.781981,39.910572,15.4999999993,15.1666666667,1987.16666700073,1987.50000033333,153
230,34,0.749999666700038,-78.4131315170233,38.5230622406017,-79.5518032961977,39.3578390029315,15.5833329993,14.8333333326,1986.83333366663,1987.58333333333,146
374,375,2.083333333,-80.1356291510071,37.7180980781298,-79.7236254066384,37.9812875204669,15.74999999973,13.66666666673,1985.66666700076,1987.75000033376,NA
338,339,1.666666667,-78.7608972111601,38.8857287447022,-78.8273313888639,39.0046535066471,15.9166666674,14.2500000004,1986.25000033443,1987.91666700143,NA
328,133,4.91666699989996,-81.1475606778874,39.4249842836811,-81.956909,39.192278,15.9166669993,10.9999999994,1983.00000033343,1987.91666733333,96
356,162,1.25000033189996,-78.9495012917404,38.963607353911,-78.977971,39.006781,15.9166669993,14.6666666674,1986.66666700143,1987.91666733333,140
205,9,8.4166666656,-81.217488266386,39.9783186628152,-80.641148,39.159904,15.9999999993,7.5833333337,1979.58333366773,1988.00000033333,49
268,269,2.5,-81.2089281335318,38.4154617064707,-82.6366304073922,38.7361027126868,15.9999999997,13.4999999997,1985.50000033373,1988.00000033373,NA
285,286,1.5,-77.1562698095087,39.2771765994515,-76.9617240482286,39.3670041498664,15.9999999997,14.4999999997,1986.50000033373,1988.00000033373,NA
375,376,0.323883161847736,-79.7236254066384,37.9812875204669,-79.5271442334557,37.9070688959089,16.0738831615777,15.74999999973,1987.75000033376,1988.07388349561,NA
376,182,0.00944983772230046,-79.5271442334557,37.9070688959089,-79.5443055536468,37.920489880182,16.0833329993,16.0738831615777,1988.07388349561,1988.08333333333,162
222,224,7.583333333,-78.7865061156645,38.5893434819327,-79.0937993556383,38.6204718711462,16.249999999,8.666666666,1980.66666700003,1988.25000033303,NA
223,27,6.6666666666,-78.5243137636042,38.7224397197053,-81.830094,37.857695,16.2499999993,9.5833333327,1981.58333366673,1988.25000033333,70
232,233,1.833333333,-77.5974620382868,39.1749281038321,-77.5470517419302,38.9180525511358,16.3333333316,14.4999999986,1986.50000033263,1988.33333366563,NA
347,348,1.583333333,-78.190236561441,36.3443115261121,-78.0862509183898,36.4508448601257,16.3333333327,14.7499999997,1986.75000033373,1988.33333366673,NA
343,349,6.666666667,-78.3672409131201,37.4751937244347,-78.1952322213878,37.2412444315896,16.5000000004,9.83333333340001,1981.83333366743,1988.50000033443,NA
223,28,6.99999966660004,-78.5243137636042,38.7224397197053,-78.861576,38.490328,16.5833329993,9.5833333327,1981.58333366673,1988.58333333333,71
348,154,0.249999666600033,-78.0862509183898,36.4508448601257,-77.1598868009141,36.9465855356861,16.5833329993,16.3333333327,1988.33333366673,1988.58333333333,169
371,372,1.75,-80.1443680150011,37.6018696867153,-80.6209081332553,38.900231609837,16.75000000006,15.00000000006,1987.00000033409,1988.75000033409,NA
349,350,0.25,-78.1952322213878,37.2412444315896,-77.9231854980396,37.357568749014,16.7500000004,16.5000000004,1988.50000033443,1988.75000033443,NA
334,335,8.833333333,-78.9975141557982,37.2743054310564,-76.9473476575404,35.9780663144929,16.7500000007,7.9166666677,1979.91666700173,1988.75000033473,NA
350,155,0.0833329989000333,-77.9231854980396,37.357568749014,-77.875864,37.360675,16.8333329993,16.7500000004,1988.75000033443,1988.83333333333,176
201,211,10.83333333,-81.2040031584383,40.1426093890875,-79.6824229125076,39.2462746059684,16.8333333303,6.0000000003,1978.00000033433,1988.83333366433,NA
375,378,1.166666667,-79.7236254066384,37.9812875204669,-79.8316382276471,38.2405087388188,16.91666666673,15.74999999973,1987.75000033376,1988.91666700076,NA
374,181,3.33333333257,-80.1356291510071,37.7180980781298,-81.234873,38.644818,16.9999999993,13.66666666673,1985.66666700076,1989.00000033333,126
356,357,2.333333333,-78.9495012917404,38.963607353911,-77.4707327722244,39.2896413073844,17.0000000004,14.6666666674,1986.66666700143,1989.00000033443,NA
349,351,0.5,-78.1952322213878,37.2412444315896,-77.4588351784459,38.2167944576272,17.0000000004,16.5000000004,1988.50000033443,1989.00000033443,NA
317,123,2.33333299960004,-78.2063268807106,38.64079513473,-78.503746,38.331019,17.0833329993,14.7499999997,1986.75000033373,1989.08333333333,144
338,143,2.91666699889996,-78.7608972111601,38.8857287447022,-79.808811,39.271733,17.1666669993,14.2500000004,1986.25000033443,1989.16666733333,133
335,141,0.416666998599958,-76.9473476575404,35.9780663144929,-76.311614,36.659498,17.1666669993,16.7500000007,1988.75000033473,1989.16666733333,172
351,157,0.166666998899956,-77.4588351784459,38.2167944576272,-77.3946715174171,38.1033542426508,17.1666669993,17.0000000004,1989.00000033443,1989.16666733333,185
370,176,2.33333333257,-80.4255600776512,37.4854974793119,-79.5365213620525,37.9116695399314,17.2499999993,14.91666666673,1986.91666700076,1989.25000033333,148
372,373,0.5,-80.6209081332553,38.900231609837,-80.0327302502769,37.8842482498085,17.25000000006,16.75000000006,1988.75000033409,1989.25000033409,NA
339,144,1.41666633190004,-78.8273313888639,39.0046535066471,-78.8080590244728,39.2359629845863,17.3333329993,15.9166666674,1987.91666700143,1989.33333333333,157
264,67,2.3333333326,-80.7182744660276,39.8721697047435,-80.37852,39.21372,17.4999999993,15.1666666667,1987.16666700073,1989.50000033333,152
335,142,0.749999998599996,-76.9473476575404,35.9780663144929,-77.3233,36.056618,17.4999999993,16.7500000007,1988.75000033473,1989.50000033333,173
269,270,1.666666667,-82.6366304073922,38.7361027126868,-81.6435400292299,39.7650111060491,17.6666666667,15.9999999997,1988.00000033373,1989.66666700073,NA
339,340,1.75,-78.8273313888639,39.0046535066471,-79.5382638800973,38.7658174171667,17.6666666674,15.9166666674,1987.91666700143,1989.66666700143,NA
197,3,5.416666666,-77.5203988146333,37.3429908449714,-77.82953,37.049822,17.7499999993,12.3333333333,1984.33333366733,1989.75000033333,113
348,153,1.41666666659999,-78.0862509183898,36.4508448601257,-78.4540062810421,36.1335757618892,17.7499999993,16.3333333327,1988.33333366673,1989.75000033333,168
317,318,3,-78.2063268807106,38.64079513473,-78.2128131844851,38.6589870636815,17.7499999997,14.7499999997,1986.75000033373,1989.75000033373,NA
207,10,5.49999999927,-81.7339107457693,39.5500516321947,-79.6133715178021,36.4782515791219,17.9999999993,12.50000000003,1984.50000033406,1990.00000033333,116
350,156,1.33333299890003,-77.9231854980396,37.357568749014,-77.529911,37.406517,18.0833329993,16.7500000004,1988.75000033443,1990.08333333333,177
237,238,8.166666667,-78.2279367313799,38.6132024012716,-79.0572252760962,40.5881265858042,18.083333333,9.916666666,1981.91666700003,1990.08333366703,NA
372,178,1.41666699923996,-80.6209081332553,38.900231609837,-80.540117,38.823627,18.1666669993,16.75000000006,1988.75000033409,1990.16666733333,175
285,90,3.7499999996,-77.1562698095087,39.2771765994515,-79.876309,40.228855,18.2499999993,14.4999999997,1986.50000033373,1990.25000033333,139
351,352,1.25,-77.4588351784459,38.2167944576272,-77.2857313379082,37.9090406090369,18.2500000004,17.0000000004,1989.00000033443,1990.25000033443,NA
316,122,3.83333299960004,-78.3196962021064,38.8100016536594,-79.5084538608702,39.1712920575284,18.3333329993,14.4999999997,1986.50000033373,1990.33333333333,135
357,358,1.333333333,-77.4707327722244,39.2896413073844,-77.9727630312504,39.404237462682,18.3333333334,17.0000000004,1989.00000033443,1990.33333366743,NA
269,74,2.41666699959996,-82.6366304073922,38.7361027126868,-82.771764,38.672197,18.4166669993,15.9999999997,1988.00000033373,1990.41666733333,158
233,37,2.24999966770003,-77.5470517419302,38.9180525511358,-77.484022,38.748307,18.5833329993,16.3333333316,1988.33333366563,1990.58333333333,166
275,276,12.16666667,-77.4615893213308,40.0960735102013,-77.2726050685641,40.4906824337726,18.5833333367,6.4166666667,1978.41666700073,1990.58333367073,NA
352,353,0.416666666699999,-77.2857313379082,37.9090406090369,-77.1323584609825,36.9150829690851,18.6666666671,18.2500000004,1990.25000033443,1990.66666700113,NA
233,38,2.33333366769996,-77.5470517419302,38.9180525511358,-77.2592631104566,38.4091524828585,18.6666669993,16.3333333316,1988.33333366563,1990.66666733333,167
373,180,1.49999999924,-80.0327302502769,37.8842482498085,-79.9804821329497,37.9864712413018,18.7499999993,17.25000000006,1989.25000033409,1990.75000033333,187
376,377,2.67611683845227,-79.5271442334557,37.9070688959089,-79.3344545384286,35.883609941661,18.75000000003,16.0738831615777,1988.07388349561,1990.75000033406,NA
265,266,5,-81.2100548338359,39.6860348486976,-82.3988246831458,39.1816922259811,18.8333333337,13.8333333337,1985.83333366773,1990.83333366773,NA
353,159,0.250000332199956,-77.1323584609825,36.9150829690851,-77.134374,37.161872,18.9166669993,18.6666666671,1990.66666700113,1990.91666733333,203
318,321,1.25,-78.2128131844851,38.6589870636815,-77.0505857153492,38.4006909677862,18.9999999997,17.7499999997,1989.75000033373,1991.00000033373,NA
238,243,0.916666666699999,-79.0572252760962,40.5881265858042,-78.9134587405964,40.6076880533613,18.9999999997,18.083333333,1990.08333366703,1991.00000033373,NA
318,319,1.333333333,-78.2128131844851,38.6589870636815,-77.9536792602814,38.8546443450282,19.0833333327,17.7499999997,1989.75000033373,1991.08333366673,NA
284,291,4.916666667,-77.1789462981464,39.2505286287807,-77.0365253389451,40.358907188962,19.0833333334,14.1666666664,1986.16666700043,1991.08333366743,NA
276,277,0.5,-77.2726050685641,40.4906824337726,-78.444422267258,40.4013226384805,19.0833333367,18.5833333367,1990.58333367073,1991.08333367073,NA
238,239,1.166666667,-79.0572252760962,40.5881265858042,-78.9889367746596,40.676247409816,19.25,18.083333333,1990.08333366703,1991.25000033403,NA
224,29,3.08333300030004,-79.0937993556383,38.6204718711462,-81.237942,40.180072,19.3333329993,16.249999999,1988.25000033303,1991.33333333333,164
277,278,0.25,-78.444422267258,40.4013226384805,-78.582425035896,40.3178419387397,19.3333333367,19.0833333367,1991.08333367073,1991.33333367073,NA
373,179,2.16666699923996,-80.0327302502769,37.8842482498085,-79.888559,39.586119,19.4166669993,17.25000000006,1989.25000033409,1991.41666733333,186
270,75,1.8333333326,-81.6435400292299,39.7650111060491,-81.354052,39.407438,19.4999999993,17.6666666667,1989.66666700073,1991.50000033333,190
321,127,0.499999999599996,-77.0505857153492,38.4006909677862,-77.2607499719102,38.4149904730824,19.4999999993,18.9999999997,1991.00000033373,1991.50000033333,208
239,44,0.249999999299998,-78.9889367746596,40.676247409816,-78.896892,40.699715,19.4999999993,19.25,1991.25000033403,1991.50000033333,219
291,292,0.583333333300001,-77.0365253389451,40.358907188962,-77.7355765765441,40.57871771635,19.6666666667,19.0833333334,1991.08333366743,1991.66666700073,NA
367,368,7.75,-78.7289473359453,38.0503011198926,-78.6462731279835,38.2532429734968,19.66666666706,11.91666666706,1983.91666700109,1991.66666700109,NA
357,359,2.666666667,-77.4707327722244,39.2896413073844,-76.1625739116644,39.7278874443911,19.6666666674,17.0000000004,1989.00000033443,1991.66666700143,NA
359,360,0.0833333333299997,-76.1625739116644,39.7278874443911,-76.249486883122,39.7949525504654,19.75000000073,19.6666666674,1991.66666700143,1991.75000033476,NA
358,164,1.58333366589996,-77.9727630312504,39.404237462682,-78.109144,40.44924,19.9166669993,18.3333333334,1990.33333366743,1991.91666733333,199
243,246,1,-78.9134587405964,40.6076880533613,-78.9333839807891,40.6632946287679,19.9999999997,18.9999999997,1991.00000033373,1992.00000033373,NA
358,163,1.99999966590004,-77.9727630312504,39.404237462682,-77.962315,39.494873,20.3333329993,18.3333333334,1990.33333366743,1992.33333333333,198
368,175,0.666666332240037,-78.6462731279835,38.2532429734968,-78.374204,38.007278,20.3333329993,19.66666666706,1991.66666700109,1992.33333333333,223
353,354,1.666666667,-77.1323584609825,36.9150829690851,-76.5772870708956,37.3142816142732,20.3333333341,18.6666666671,1990.66666700113,1992.33333366813,NA
243,244,1.5,-78.9134587405964,40.6076880533613,-78.8708118840514,40.5838333803159,20.4999999997,18.9999999997,1991.00000033373,1992.50000033373,NA
244,49,0.0833329996000387,-78.8708118840514,40.5838333803159,-78.913642,40.573568,20.5833329993,20.4999999997,1992.50000033373,1992.58333333333,235
231,234,7.166666667,-78.0358588768236,38.9550342260855,-77.9631443818659,36.2278176578342,20.5833333326,13.4166666656,1985.41666699963,1992.58333366663,NA
246,247,0.583333333300001,-78.9333839807891,40.6632946287679,-79.3147882426245,40.3693702180331,20.583333333,19.9999999997,1992.00000033373,1992.58333366703,NA
286,91,4.66666699959996,-76.9617240482286,39.3670041498664,-76.260027,37.773272,20.6666669993,15.9999999997,1988.00000033373,1992.66666733333,161
266,267,2.083333333,-82.3988246831458,39.1816922259811,-82.6724881861404,39.4857204578937,20.9166666667,18.8333333337,1990.83333366773,1992.91666700073,NA
354,160,0.583333665199955,-76.5772870708956,37.3142816142732,-76.863503,36.863141,20.9166669993,20.3333333341,1992.33333366813,1992.91666733333,232
377,183,2.24999999927,-79.3344545384286,35.883609941661,-79.377946,35.65067,20.9999999993,18.75000000003,1990.75000033406,1993.00000033333,204
234,39,0.416666666699996,-77.9631443818659,36.2278176578342,-77.192545,37.431488,20.9999999993,20.5833333326,1992.58333366663,1993.00000033333,237
270,271,3.333333333,-81.6435400292299,39.7650111060491,-82.3752958611719,38.6987974199506,20.9999999997,17.6666666667,1989.66666700073,1993.00000033373,NA
247,251,0.583333333300001,-79.3147882426245,40.3693702180331,-79.7547772158522,39.0757415015211,21.1666666663,20.583333333,1992.58333366703,1993.16666700033,NA
360,165,1.49999999857,-76.249486883122,39.7949525504654,-76.270788,39.204607,21.2499999993,19.75000000073,1991.75000033476,1993.25000033333,228
267,71,0.333333332600002,-82.6724881861404,39.4857204578937,-82.966782,39.405667,21.2499999993,20.9166666667,1992.91666700073,1993.25000033333,240
378,379,4.333333333,-79.8316382276471,38.2405087388188,-79.2637033787043,38.6899861467312,21.24999999973,16.91666666673,1988.91666700076,1993.25000033376,NA
210,15,9.33333366563996,-83.6271343760564,39.7604363953661,-83.175357,41.399848,21.4166669993,12.08333333366,1984.08333366769,1993.41666733333,109
377,184,2.74999999927,-79.3344545384286,35.883609941661,-77.5014252657685,36.7068469178502,21.4999999993,18.75000000003,1990.75000033406,1993.50000033333,205
211,212,4.833333333,-79.6824229125076,39.2462746059684,-79.4935425216892,38.9805883339569,21.6666666633,16.8333333303,1988.83333366433,1993.66666699733,NA
292,293,2.083333333,-77.7355765765441,40.57871771635,-77.3858128050988,40.8800965734473,21.7499999997,19.6666666667,1991.66666700073,1993.75000033373,NA
246,52,1.83333299960004,-78.9333839807891,40.6632946287679,-78.601544,40.959336,21.8333329993,19.9999999997,1992.00000033373,1993.83333333333,231
378,185,5.00000033256996,-79.8316382276471,38.2405087388188,-79.9721496387662,37.9819618718647,21.9166669993,16.91666666673,1988.91666700076,1993.91666733333,180
267,72,1.16666633260004,-82.6724881861404,39.4857204578937,-82.346646,38.054581,22.0833329993,20.9166666667,1992.91666700073,1994.08333333333,241
224,225,5.833333333,-79.0937993556383,38.6204718711462,-79.5117957032624,38.9203065313107,22.083333332,16.249999999,1988.25000033303,1994.08333366603,NA
234,235,1.5,-77.9631443818659,36.2278176578342,-78.0083258386499,36.4881962420292,22.0833333326,20.5833333326,1992.58333366663,1994.08333366663,NA
251,252,0.916666666699999,-79.7547772158522,39.0757415015211,-79.7398706801432,39.2546057132284,22.083333333,21.1666666663,1993.16666700033,1994.08333366703,NA
340,145,4.5833333319,-79.5382638800973,38.7658174171667,-80.785159,39.043409,22.2499999993,17.6666666674,1989.66666700143,1994.25000033333,188
286,287,6.25,-76.9617240482286,39.3670041498664,-77.2683806273246,39.3978735539015,22.2499999997,15.9999999997,1988.00000033373,1994.25000033373,NA
379,380,1.083333333,-79.2637033787043,38.6899861467312,-79.7426140737204,38.7132700095323,22.33333333273,21.24999999973,1993.25000033376,1994.33333366676,NA
291,301,3.25,-77.0365253389451,40.358907188962,-76.9390392420633,40.2412979299926,22.3333333334,19.0833333334,1991.08333366743,1994.33333366743,NA
244,245,1.916666667,-78.8708118840514,40.5838333803159,-77.0762734458815,41.1780621661206,22.4166666667,20.4999999997,1992.50000033373,1994.41666700073,NA
277,279,3.333333333,-78.444422267258,40.4013226384805,-77.9798937109003,39.941273585643,22.4166666697,19.0833333367,1991.08333367073,1994.41666700373,NA
276,280,3.916666667,-77.2726050685641,40.4906824337726,-77.2155675329225,38.7738768073959,22.5000000037,18.5833333367,1990.58333367073,1994.50000033773,NA
278,82,3.24999966260004,-78.582425035896,40.3178419387397,-78.271299,40.151514,22.5833329993,19.3333333367,1991.33333367073,1994.58333333333,244
301,302,0.25,-76.9390392420633,40.2412979299926,-77.0381437457439,40.5974720471207,22.5833333334,22.3333333334,1994.33333366743,1994.58333366743,NA
340,341,5.083333333,-79.5382638800973,38.7658174171667,-79.2439220204948,38.1212491371681,22.7500000004,17.6666666674,1989.66666700143,1994.75000033443,NA
266,70,3.99999966560004,-82.3988246831458,39.1816922259811,-81.695999,39.220543,22.8333329993,18.8333333337,1990.83333366773,1994.83333333333,207
235,40,0.749999666700035,-78.0083258386499,36.4881962420292,-78.155125,36.56436,22.8333329993,22.0833333326,1994.08333366663,1994.83333333333,257
211,213,6.166666667,-79.6824229125076,39.2462746059684,-79.6310388390622,39.219926437813,22.9999999973,16.8333333303,1988.83333366433,1995.00000033133,NA
212,16,1.333333336,-79.4935425216892,38.9805883339569,-79.2490635715956,38.7599236564382,22.9999999993,21.6666666633,1993.66666699733,1995.00000033333,250
341,342,0.333333333300001,-79.2439220204948,38.1212491371681,-79.0860818290493,38.2169431091608,23.0833333337,22.7500000004,1994.75000033443,1995.08333366773,NA
342,147,0.0833336655999588,-79.0860818290493,38.2169431091608,-79.140831,38.174418,23.1666669993,23.0833333337,1995.08333366773,1995.16666733333,278
287,289,1.083333333,-77.2683806273246,39.3978735539015,-77.206582679492,39.3509766866082,23.3333333327,22.2499999997,1994.25000033373,1995.33333366673,NA
239,240,4.083333333,-78.9889367746596,40.676247409816,-79.0311899786569,40.2489879290504,23.333333333,19.25,1991.25000033403,1995.33333366703,NA
247,248,2.833333333,-79.3147882426245,40.3693702180331,-79.1166297670893,39.9207293401777,23.416666666,20.583333333,1992.58333366703,1995.41666700003,NA
321,322,4.416666667,-77.0505857153492,38.4006909677862,-77.205325702787,38.7421059224341,23.4166666667,18.9999999997,1991.00000033373,1995.41666700073,NA
292,297,3.75,-77.7355765765441,40.57871771635,-78.0009606524813,40.706666410029,23.4166666667,19.6666666667,1991.66666700073,1995.41666700073,NA
379,186,2.24999999957,-79.2637033787043,38.6899861467312,-79.244472350623,38.7559557279197,23.4999999993,21.24999999973,1993.25000033376,1995.50000033333,249
240,241,0.166666666699999,-79.0311899786569,40.2489879290504,-79.5769874311683,40.229504231628,23.4999999997,23.333333333,1995.33333366703,1995.50000033373,NA
302,303,0.916666666699999,-77.0381437457439,40.5974720471207,-77.264983526089,40.7522461638057,23.5000000001,22.5833333334,1994.58333366743,1995.50000033413,NA
354,161,3.24999966520003,-76.5772870708956,37.3142816142732,-76.305665,38.012471,23.5833329993,20.3333333341,1992.33333366813,1995.58333333333,233
212,17,2.00000033599996,-79.4935425216892,38.9805883339569,-79.9245446052553,38.6203275444271,23.6666669993,21.6666666633,1993.66666699733,1995.66666733333,251
225,226,1.666666667,-79.5117957032624,38.9203065313107,-79.5934655060873,39.0486947026606,23.749999999,22.083333332,1994.08333366603,1995.75000033303,NA
213,18,0.750000001999997,-79.6310388390622,39.219926437813,-77.9491643516101,38.4750210053731,23.7499999993,22.9999999973,1995.00000033133,1995.75000033333,276
303,305,0.333333333300001,-77.264983526089,40.7522461638057,-77.1722029239129,40.6841325903862,23.8333333334,23.5000000001,1995.50000033413,1995.83333366743,NA
226,227,0.166666666699999,-79.5934655060873,39.0486947026606,-79.5669627166919,39.0175905783223,23.9166666657,23.749999999,1995.75000033303,1995.91666699973,NA
252,253,1.833333333,-79.7398706801432,39.2546057132284,-78.8593289000868,40.7757733967051,23.916666666,22.083333333,1994.08333366703,1995.91666700003,NA
289,290,0.583333333300001,-77.206582679492,39.3509766866082,-77.016771907191,39.2548541070951,23.916666666,23.3333333327,1995.33333366673,1995.91666700003,NA
314,120,13.5000003326,-78.4891415651375,38.5287496748796,-79.918646,40.347894,23.9166669993,10.4166666667,1982.41666700073,1995.91666733333,89
297,102,0.666666332600034,-78.0009606524813,40.706666410029,-77.985766,40.234094,24.0833329993,23.4166666667,1995.41666700073,1996.08333333333,288
241,45,0.583332999600039,-79.5769874311683,40.229504231628,-79.570731,39.750994,24.0833329993,23.4999999997,1995.50000033373,1996.08333333333,294
359,361,4.416666667,-76.1625739116644,39.7278874443911,-76.2546152183074,39.1494536510325,24.0833333344,19.6666666674,1991.66666700143,1996.08333366843,NA
278,81,4.83333366259996,-78.582425035896,40.3178419387397,-78.280944,40.81073,24.1666669993,19.3333333367,1991.33333367073,1996.16666733333,220
290,95,0.416666333300036,-77.016771907191,39.2548541070951,-77.0110578820216,39.1928989874788,24.3333329993,23.916666666,1995.91666700003,1996.33333333333,304
213,214,1.416666667,-79.6310388390622,39.219926437813,-79.3434761205418,39.3339424921084,24.4166666643,22.9999999973,1995.00000033133,1996.41666699833,NA
297,298,1.083333333,-78.0009606524813,40.706666410029,-77.9600780544801,40.8054255908392,24.4999999997,23.4166666667,1995.41666700073,1996.50000033373,NA
252,255,2.416666667,-79.7398706801432,39.2546057132284,-79.5735749205999,39.261184444349,24.5,22.083333333,1994.08333366703,1996.50000033403,NA
380,381,2.25,-79.7426140737204,38.7132700095323,-79.9073348337746,38.593314500279,24.58333333273,22.33333333273,1994.33333366676,1996.58333366676,NA
280,281,2.083333333,-77.2155675329225,38.7738768073959,-77.2277318568259,38.8730734650569,24.5833333367,22.5000000037,1994.50000033773,1996.58333367073,NA
293,294,2.916666667,-77.3858128050988,40.8800965734473,-78.9911348192057,40.7520370766754,24.6666666667,21.7499999997,1993.75000033373,1996.66666700073,NA
319,124,5.58333366659996,-77.9536792602814,38.8546443450282,-79.137836,37.925272,24.6666669993,19.0833333327,1991.08333366673,1996.66666733333,215
245,51,2.25000033259996,-77.0762734458815,41.1780621661206,-77.517493,41.213972,24.6666669993,22.4166666667,1994.41666700073,1996.66666733333,269
301,107,2.4166666659,-76.9390392420633,40.2412979299926,-76.789074,40.144341,24.7499999993,22.3333333334,1994.33333366743,1996.75000033333,263
287,288,2.666666667,-77.2683806273246,39.3978735539015,-77.0168616684478,39.1906024455817,24.9166666667,22.2499999997,1994.25000033373,1996.91666700073,NA
288,93,3.32599956465174e-07,-77.0168616684478,39.1906024455817,-77.0157952522237,39.1909644272123,24.9166669993,24.9166666667,1996.91666700073,1996.91666733333,325
271,272,4,-82.3752958611719,38.6987974199506,-82.5461983553443,38.1673522353327,24.9999999997,20.9999999997,1993.00000033373,1997.00000033373,NA
227,33,1.16666633360004,-79.5669627166919,39.0175905783223,-78.705164,39.028305,25.0833329993,23.9166666657,1995.91666699973,1997.08333333333,307
305,306,1.333333333,-77.1722029239129,40.6841325903862,-77.1468198407352,40.5789768703665,25.1666666664,23.8333333334,1995.83333366743,1997.16666700043,NA
303,304,1.666666667,-77.264983526089,40.7522461638057,-76.999434309027,40.2574643523997,25.1666666671,23.5000000001,1995.50000033413,1997.16666700113,NA
360,166,5.41666699856996,-76.249486883122,39.7949525504654,-75.470926,39.525729,25.1666669993,19.75000000073,1991.75000033476,1997.16666733333,229
302,108,2.58333366589996,-77.0381437457439,40.5974720471207,-77.279416,40.289136,25.1666669993,22.5833333334,1994.58333366743,1997.16666733333,272
255,61,0.666666999299959,-79.5735749205999,39.261184444349,-79.5573887035246,39.3602435598371,25.1666669993,24.5,1996.50000033403,1997.16666733333,314
341,146,2.4999999989,-79.2439220204948,38.1212491371681,-79.1223920021773,37.5192387640707,25.2499999993,22.7500000004,1994.75000033443,1997.25000033333,274
304,109,0.0833333321999952,-76.999434309027,40.2574643523997,-77.061101,40.3952,25.2499999993,25.1666666671,1997.16666700113,1997.25000033333,328
306,309,0.0833333333299997,-77.1468198407352,40.5789768703665,-77.1045126667793,40.5679469537036,25.24999999973,25.1666666664,1997.16666700043,1997.25000033376,NA
226,31,1.58333300030004,-79.5934655060873,39.0486947026606,-79.827872,39.463979,25.3333329993,23.749999999,1995.75000033303,1997.33333333333,296
288,92,0.500000332599956,-77.0168616684478,39.1906024455817,-77.0179941850922,39.18805956299,25.4166669993,24.9166666667,1996.91666700073,1997.41666733333,324
281,86,0.916666662599997,-77.2277318568259,38.8730734650569,-77.254625,39.897401,25.4999999993,24.5833333367,1996.58333367073,1997.50000033333,321
298,299,1,-77.9600780544801,40.8054255908392,-78.86225006626,40.1049687471584,25.4999999997,24.4999999997,1996.50000033373,1997.50000033373,NA
299,104,0.166666999599958,-78.86225006626,40.1049687471584,-78.955265,40.175517,25.6666669993,25.4999999997,1997.50000033373,1997.66666733333,334
305,111,1.99999966590003,-77.1722029239129,40.6841325903862,-77.500976,40.724971,25.8333329993,23.8333333334,1995.83333366743,1997.83333333333,301
271,273,4.833333333,-82.3752958611719,38.6987974199506,-82.4494575271187,39.3798875394075,25.8333333327,20.9999999997,1993.00000033373,1997.83333366673,NA
248,249,2.416666667,-79.1166297670893,39.9207293401777,-79.2849651835098,40.4314913958276,25.833333333,23.416666666,1995.41666700003,1997.83333366703,NA
309,310,0.666666666699999,-77.1045126667793,40.5679469537036,-77.3248854649428,40.5765017578057,25.91666666643,25.24999999973,1997.25000033376,1997.91666700046,NA
225,30,3.83333366729996,-79.5117957032624,38.9203065313107,-79.281927,39.00082,25.9166669993,22.083333332,1994.08333366603,1997.91666733333,255
310,115,3.32869959152049e-07,-77.3248854649428,40.5765017578057,-77.30649,40.580439,25.9166669993,25.91666666643,1997.91666700046,1997.91666733333,340
322,323,2.583333333,-77.205325702787,38.7421059224341,-76.8692204105546,38.9021017372886,25.9999999997,23.4166666667,1995.41666700073,1998.00000033373,NA
352,158,7.83333299890003,-77.2857313379082,37.9090406090369,-76.932145,37.734111,26.0833329993,18.2500000004,1990.25000033443,1998.08333333333,196
253,58,2.16666633330004,-78.8593289000868,40.7757733967051,-79.31993,40.597688,26.0833329993,23.916666666,1995.91666700003,1998.08333333333,302
272,77,1.08333299960004,-82.5461983553443,38.1673522353327,-82.7086909567542,38.1002808528712,26.0833329993,24.9999999997,1997.00000033373,1998.08333333333,327
280,282,3.666666667,-77.2155675329225,38.7738768073959,-77.0923786953381,38.5231048555907,26.1666666707,22.5000000037,1994.50000033773,1998.16666700473,NA
251,57,5.083333333,-79.7547772158522,39.0757415015211,-79.572173,38.794113,26.2499999993,21.1666666663,1993.16666700033,1998.25000033333,247
279,83,3.91666632960004,-77.9798937109003,39.941273585643,-79.216312,38.454506,26.3333329993,22.4166666697,1994.41666700373,1998.33333333333,266
240,242,3,-79.0311899786569,40.2489879290504,-77.9301417157189,42.4855869924803,26.333333333,23.333333333,1995.33333366703,1998.33333366703,NA
279,84,4.00000032959996,-77.9798937109003,39.941273585643,-80.298552,40.097412,26.4166669993,22.4166666697,1994.41666700373,1998.41666733333,267
294,98,1.8333333326,-78.9911348192057,40.7520370766754,-78.38793,41.140574,26.4999999993,24.6666666667,1996.66666700073,1998.50000033333,322
323,324,0.583333333300001,-76.8692204105546,38.9021017372886,-76.8896203174342,39.2313052633866,26.583333333,25.9999999997,1998.00000033373,1998.58333366703,NA
282,88,0.500000328599956,-77.0923786953381,38.5231048555907,-77.2602190139159,38.4145030004027,26.6666669993,26.1666666707,1998.16666700473,1998.66666733333,345
309,311,1.583333333,-77.1045126667793,40.5679469537036,-77.2718512077658,40.584995342371,26.83333333273,25.24999999973,1997.25000033376,1998.83333366676,NA
319,320,7.833333333,-77.9536792602814,38.8546443450282,-78.2541596318595,39.4987456445808,26.9166666657,19.0833333327,1991.08333366673,1998.91666699973,NA
381,382,2.333333333,-79.9073348337746,38.593314500279,-77.8193246945777,36.6301486445696,26.91666666573,24.58333333273,1996.58333366676,1998.91666699976,NA
282,87,0.750000328599956,-77.0923786953381,38.5231048555907,-77.358716,39.149153,26.9166669993,26.1666666707,1998.16666700473,1998.91666733333,344
382,189,0.0833333335699997,-77.8193246945777,36.6301486445696,-77.5002215555284,36.7001839403246,26.9999999993,26.91666666573,1998.91666699976,1999.00000033333,357
306,307,1.833333333,-77.1468198407352,40.5789768703665,-76.6155219056924,40.5028852147038,26.9999999994,25.1666666664,1997.16666700043,1999.00000033343,NA
245,50,4.66666633260004,-77.0762734458815,41.1780621661206,-76.193145,41.189941,27.0833329993,22.4166666667,1994.41666700073,1999.08333333333,268
298,103,2.58333299960004,-77.9600780544801,40.8054255908392,-78.122527,40.908899,27.0833329993,24.4999999997,1996.50000033373,1999.08333333333,316
322,128,3.75000033259996,-77.205325702787,38.7421059224341,-75.863361,38.35118,27.1666669993,23.4166666667,1995.41666700073,1999.16666733333,298
249,54,1.58333366629996,-79.2849651835098,40.4314913958276,-79.204087,40.807234,27.4166669993,25.833333333,1997.83333366703,1999.41666733333,339
361,167,3.4166666649,-76.2546152183074,39.1494536510325,-77.1581671340909,36.9413747419879,27.4999999993,24.0833333344,1996.08333366843,1999.50000033333,308
273,78,1.6666666666,-82.4494575271187,39.3798875394075,-83.005517,39.944823,27.4999999993,25.8333333327,1997.83333366673,1999.50000033333,337
324,130,0.916666666299996,-76.8896203174342,39.2313052633866,-77.25171,39.485923,27.4999999993,26.583333333,1998.58333366703,1999.50000033333,348
307,308,0.583333333300001,-76.6155219056924,40.5028852147038,-76.6723262944186,40.4036455698436,27.5833333327,26.9999999994,1999.00000033343,1999.58333366673,NA
281,85,3.08333366259996,-77.2277318568259,38.8730734650569,-76.033549,39.294098,27.6666669993,24.5833333367,1996.58333367073,1999.66666733333,320
214,215,3.333333333,-79.3434761205418,39.3339424921084,-79.103577108384,39.74446061545,27.7499999973,24.4166666643,1996.41666699833,1999.75000033133,NA
311,117,1.08333366656996,-77.2718512077658,40.584995342371,-77.331724,40.930739,27.9166669993,26.83333333273,1998.83333366676,1999.91666733333,352
310,116,2.33333333287,-77.3248854649428,40.5765017578057,-77.636656,40.263758,28.2499999993,25.91666666643,1997.91666700046,2000.25000033333,358
308,114,0.749999666600036,-76.6723262944186,40.4036455698436,-76.543835,40.30285,28.3333329993,27.5833333327,1999.58333366673,2000.33333333333,367
361,362,4.333333333,-76.2546152183074,39.1494536510325,-76.6622155760502,38.1900818439285,28.4166666674,24.0833333344,1996.08333366843,2000.41666700143,NA
241,46,4.91666699959996,-79.5769874311683,40.229504231628,-78.92405,39.988566,28.4166669993,23.4999999997,1995.50000033373,2000.41666733333,295
323,129,2.41666699959996,-76.8692204105546,38.9021017372886,-76.774558,38.897998,28.4166669993,25.9999999997,1998.00000033373,2000.41666733333,343
249,250,2.666666667,-79.2849651835098,40.4314913958276,-79.3041370755038,40.7868899977573,28.5,25.833333333,1997.83333366703,2000.50000033403,NA
362,169,0.166666331900036,-76.6622155760502,38.1900818439285,-76.68601,38.192195,28.5833329993,28.4166666674,2000.41666700143,2000.58333333333,377
215,216,0.916666666699999,-79.103577108384,39.74446061545,-79.1132352440667,40.271230927595,28.666666664,27.7499999973,1999.75000033133,2000.66666699803,NA
307,112,1.66666699989996,-76.6155219056924,40.5028852147038,-78.193,39.397672,28.6666669993,26.9999999994,1999.00000033343,2000.66666733333,363
216,217,0.164444999606495,-79.1132352440667,40.271230927595,-79.0822414647427,40.2917697866023,28.8311116636065,28.666666664,2000.66666699803,2000.83111199764,NA
217,22,0.00222133569354144,-79.0822414647427,40.2917697866023,-79.069062,40.301661,28.8333329993,28.8311116636065,2000.83111199764,2000.83333333333,390
311,312,2,-77.2718512077658,40.584995342371,-76.9943807365433,42.6399854949646,28.83333333273,26.83333333273,1998.83333366676,2000.83333366676,NA
253,254,4.916666667,-78.8593289000868,40.7757733967051,-79.4818889481506,40.1828900271697,28.833333333,23.916666666,1995.91666700003,2000.83333366703,NA
294,295,4.166666667,-78.9911348192057,40.7520370766754,-78.7411777485851,41.1693758318062,28.8333333337,24.6666666667,1996.66666700073,2000.83333366773,NA
380,187,6.58333366656996,-79.7426140737204,38.7132700095323,-81.662046,38.914654,28.9166669993,22.33333333273,1994.33333366676,2000.91666733333,264
272,76,3.9999999996,-82.5461983553443,38.1673522353327,-83.249344,38.867574,28.9999999993,24.9999999997,1997.00000033373,2001.00000033333,351
368,174,9.41666633224004,-78.6462731279835,38.2532429734968,-77.476383,37.121625,29.0833329993,19.66666666706,1991.66666700109,2001.08333333333,222
217,218,0.335555000393505,-79.0822414647427,40.2917697866023,-78.3184719116481,40.3535573167162,29.166666664,28.8311116636065,2000.83111199764,2001.16666699803,NA
304,110,4.00000033219996,-76.999434309027,40.2574643523997,-76.761624,39.343785,29.1666669993,25.1666666671,1997.16666700113,2001.16666733333,373
312,119,0.33333366656996,-76.9943807365433,42.6399854949646,-77.440225,42.413098,29.1666669993,28.83333333273,2000.83333366676,2001.16666733333,389
218,23,0.0833333352999972,-78.3184719116481,40.3535573167162,-78.197863,40.597425,29.2499999993,29.166666664,2001.16666699803,2001.25000033333,398
273,274,3.416666667,-82.4494575271187,39.3798875394075,-82.2557451801924,39.0460550485571,29.2499999997,25.8333333327,1997.83333366673,2001.25000033373,NA
242,47,2.99999966630004,-77.9301417157189,42.4855869924803,-78.502018,42.476258,29.3333329993,26.333333333,1998.33333366703,2001.33333333333,346
235,236,7.333333333,-78.0083258386499,36.4881962420292,-80.1506942131612,37.9304845498268,29.4166666656,22.0833333326,1994.08333366663,2001.41666699963,NA
250,55,0.916666999299959,-79.3041370755038,40.7868899977573,-79.952555,40.43314,29.4166669993,28.5,2000.50000033403,2001.41666733333,378
236,41,0.0833333336999971,-80.1506942131612,37.9304845498268,-80.1635125452199,37.6235181770313,29.4999999993,29.4166666656,2001.41666699963,2001.50000033333,402
381,383,4.916666667,-79.9073348337746,38.593314500279,-79.9790582880832,35.3428921395627,29.49999999973,24.58333333273,1996.58333366676,2001.50000033376,NA
295,296,0.833333333300001,-78.7411777485851,41.1693758318062,-78.6599274767337,41.090578030548,29.666666667,28.8333333337,2000.83333366773,2001.66666700103,NA
382,188,2.83333333357,-77.8193246945777,36.6301486445696,-78.968165,36.191179,29.7499999993,26.91666666573,1998.91666699976,2001.75000033333,356
295,99,0.916666665599994,-78.7411777485851,41.1693758318062,-79.165378,40.321246,29.7499999993,28.8333333337,2000.83333366773,2001.75000033333,387
248,53,6.41666633330004,-79.1166297670893,39.9207293401777,-78.80703,39.902133,29.8333329993,23.416666666,1995.41666700003,2001.83333333333,291
312,118,0.999999666570037,-76.9943807365433,42.6399854949646,-76.834559,42.792948,29.8333329993,28.83333333273,2000.83333366676,2001.83333333333,408
227,32,6.0833333336,-79.5669627166919,39.0175905783223,-79.5111628242707,39.175951141747,29.9999999993,23.9166666657,1995.91666699973,2002.00000033333,393
383,384,0.5,-79.9790582880832,35.3428921395627,-80.2483927261131,35.3928326638044,29.99999999973,29.49999999973,2001.50000033376,2002.00000033376,NA
254,59,1.33333366629996,-79.4818889481506,40.1828900271697,-79.444567,40.253321,30.1666669993,28.833333333,2000.83333366703,2002.16666733333,384
236,42,0.916666333700036,-80.1506942131612,37.9304845498268,-79.942853,38.34275,30.3333329993,29.4166666656,2001.41666699963,2002.33333333333,403
255,256,5.833333333,-79.5735749205999,39.261184444349,-79.9103237908932,39.8118777258875,30.333333333,24.5,1996.50000033403,2002.33333366703,NA
299,300,5.083333333,-78.86225006626,40.1049687471584,-79.1663905730577,40.4105199891926,30.5833333327,25.4999999997,1997.50000033373,2002.58333366673,NA
242,48,4.49999966630004,-77.9301417157189,42.4855869924803,-78.211565,42.445727,30.8333329993,26.333333333,1998.33333366703,2002.83333333333,361
300,106,0.249999666600036,-79.1663905730577,40.4105199891926,-79.181976,40.493352,30.8333329993,30.5833333327,2002.58333366673,2002.83333333333,423
293,97,9.2499999996,-77.3858128050988,40.8800965734473,-77.428681,41.792407,30.9999999993,21.7499999997,1993.75000033373,2003.00000033333,419
274,80,1.7499999996,-82.2557451801924,39.0460550485571,-82.081127,38.992093,30.9999999993,29.2499999997,2001.25000033373,2003.00000033333,401
320,125,4.16666633360004,-78.2541596318595,39.4987456445808,-77.544668,39.417855,31.0833329993,26.9166666657,1998.91666699973,2003.08333333333,365
308,113,3.58333366659996,-76.6723262944186,40.4036455698436,-76.818416,40.557168,31.1666669993,27.5833333327,1999.58333366673,2003.16666733333,366
215,20,3.41666700199996,-79.103577108384,39.74446061545,-79.058252,39.716675,31.1666669993,27.7499999973,1999.75000033133,2003.16666733333,369
216,21,2.66666633530004,-79.1132352440667,40.271230927595,-79.27095,40.37596,31.3333329993,28.666666664,2000.66666699803,2003.33333333333,381
250,56,2.91666699929996,-79.3041370755038,40.7868899977573,-80.383885,39.933442,31.4166669993,28.5,2000.50000033403,2003.41666733333,379
289,94,8.1666666666,-77.206582679492,39.3509766866082,-77.707021,39.63662,31.4999999993,23.3333333327,1995.33333366673,2003.50000033333,284
320,126,4.66666633360004,-78.2541596318595,39.4987456445808,-78.8081950048907,39.236059501326,31.5833329993,26.9166666657,1998.91666699973,2003.58333333333,417
384,385,1.583333333,-80.2483927261131,35.3928326638044,-80.3534461657352,35.4664746834017,31.58333333273,29.99999999973,2002.00000033376,2003.58333366676,NA
214,19,7.41666633500003,-79.3434761205418,39.3339424921084,-79.267061,39.185572,31.8333329993,24.4166666643,1996.41666699833,2003.83333333333,312
362,168,3.41666633190004,-76.6622155760502,38.1900818439285,-75.532831,37.900002,31.8333329993,28.4166666674,2000.41666700143,2003.83333333333,376
218,24,2.66666633530004,-78.3184719116481,40.3535573167162,-78.079811,40.319743,31.8333329993,29.166666664,2001.16666699803,2003.83333333333,437
384,191,1.83333299957004,-80.2483927261131,35.3928326638044,-80.298204,34.991238,31.8333329993,29.99999999973,2002.00000033376,2003.83333333333,413
383,190,2.41666699956996,-79.9790582880832,35.3428921395627,-79.995851,35.564208,31.9166669993,29.49999999973,2001.50000033376,2003.91666733333,405
256,62,1.6666666663,-79.9103237908932,39.8118777258875,-79.816691,39.806732,31.9999999993,30.333333333,2002.33333366703,2004.00000033333,443
342,148,9.1666666656,-79.0860818290493,38.2169431091608,-78.586622,37.025356,32.2499999993,23.0833333337,1995.08333366773,2004.25000033333,279
300,105,1.6666666666,-79.1663905730577,40.4105199891926,-78.272052,41.332365,32.2499999993,30.5833333327,2002.58333366673,2004.25000033333,432
385,192,0.666666666569999,-80.3534461657352,35.4664746834017,-80.499439,35.391641,32.2499999993,31.58333333273,2003.58333366676,2004.25000033333,440
290,96,8.41666633330004,-77.016771907191,39.2548541070951,-78.525632,40.632446,32.3333329993,23.916666666,1995.91666700003,2004.33333333333,305
274,79,3.16666699959996,-82.2557451801924,39.0460550485571,-82.7058100688118,38.1041882339746,32.4166669993,29.2499999997,2001.25000033373,2004.41666733333,400
296,100,2.75000033229995,-78.6599274767337,41.090578030548,-78.068866,41.645162,32.4166669993,29.666666667,2001.66666700103,2004.41666733333,406
256,63,2.08333366629996,-79.9103237908932,39.8118777258875,-80.147653,39.700062,32.4166669993,30.333333333,2002.33333366703,2004.41666733333,421
385,193,0.83333366656996,-80.3534461657352,35.4664746834017,-79.694496,35.047054,32.4166669993,31.58333333273,2003.58333366676,2004.41666733333,441
254,60,3.6666666663,-79.4818889481506,40.1828900271697,-78.720736,40.959553,32.4999999993,28.833333333,2000.83333366703,2004.50000033333,385
296,101,2.83333333229999,-78.6599274767337,41.090578030548,-78.516142,41.117163,32.4999999993,29.666666667,2001.66666700103,2004.50000033333,424
324,131,5.99999966630003,-76.8896203174342,39.2313052633866,-78.118303,38.7561,32.5833329993,26.583333333,1998.58333366703,2004.58333333333,414
