node1,node2,length,startLon,startLat,endLon,endLat,endNodeL,startNodeL,startYear,endYear,tipLabel
126,127,1.083333333,-79.0926134747074,39.0860678054089,-79.0575266430848,39.0194113010526,1.083333333,0,1972.000000001,1973.083333334,NA
127,146,3.5,-79.0575266430848,39.0194113010526,-78.2396739924131,39.278569852169,4.583333333,1.083333333,1973.083333334,1976.583333334,NA
126,186,5.75,-79.0926134747074,39.0860678054089,-79.2755037265966,38.807903817431,5.75,0,1972.000000001,1977.750000001,NA
127,128,4.833333333,-79.0575266430848,39.0194113010526,-79.126029275356,38.8531051678277,5.91666666599999,1.083333333,1973.083333334,1977.916666667,NA
186,187,0.25,-79.2755037265966,38.807903817431,-79.2626087501264,38.8231771578012,6,5.75,1977.750000001,1978.000000001,NA
146,147,1.5,-78.2396739924131,39.278569852169,-78.4210112875952,40.208345292479,6.083333333,4.583333333,1976.583333334,1978.083333334,NA
187,189,0.166666666699999,-79.2626087501264,38.8231771578012,-79.4305164064351,39.4222580486901,6.1666666667,6,1978.000000001,1978.1666666677,NA
189,190,0.25,-79.4305164064351,39.4222580486901,-79.3502974551934,39.5585270410526,6.4166666667,6.1666666667,1978.1666666677,1978.4166666677,NA
146,160,2.333333333,-78.2396739924131,39.278569852169,-78.1339263841939,39.3036850893746,6.91666666599999,4.583333333,1976.583333334,1978.916666667,NA
147,152,0.916666666700003,-78.4210112875952,40.208345292479,-79.2269926734436,40.7520215630905,6.9999999997,6.083333333,1978.083333334,1979.0000000007,NA
147,148,1.166666667,-78.4210112875952,40.208345292479,-79.8103010879342,41.2734749796491,7.25,6.083333333,1978.083333334,1979.250000001,NA
152,153,0.75,-79.2269926734436,40.7520215630905,-79.2840605937432,40.7175553278464,7.7499999997,6.9999999997,1979.0000000007,1979.7500000007,NA
160,163,0.916666666700003,-78.1339263841939,39.3036850893746,-78.0867115296387,39.4186559263034,7.8333333327,6.91666666599999,1978.916666667,1979.8333333337,NA
160,161,1,-78.1339263841939,39.3036850893746,-78.1283729135224,39.3172310314748,7.91666666599999,6.91666666599999,1978.916666667,1979.916666667,NA
189,197,2.166666667,-79.4305164064351,39.4222580486901,-79.296564062945,39.4230011557212,8.3333333337,6.1666666667,1978.1666666677,1980.3333333347,NA
186,203,2.833333333,-79.2755037265966,38.807903817431,-78.9713759590262,39.0985129994862,8.583333333,5.75,1977.750000001,1980.583333334,NA
203,204,0.0833333333300033,-78.9713759590262,39.0985129994862,-78.9697331072566,39.1011123627996,8.66666666633,8.583333333,1980.583333334,1980.66666666733,NA
187,188,2.833333333,-79.2626087501264,38.8231771578012,-79.0186077265859,38.6146717930009,8.833333333,6,1978.000000001,1980.833333334,NA
163,167,1.083333333,-78.0867115296387,39.4186559263034,-78.2020451648718,39.5262540336106,8.9166666657,7.8333333327,1979.8333333337,1980.9166666667,NA
161,162,1,-78.1283729135224,39.3172310314748,-78.0148810946722,39.3274933741895,8.91666666599999,7.91666666599999,1979.916666667,1980.916666667,NA
204,209,0.5,-78.9697331072566,39.1011123627996,-79.078688769297,39.223809681273,9.16666666633,8.66666666633,1980.66666666733,1981.16666666733,NA
204,205,0.916666666699996,-78.9697331072566,39.1011123627996,-79.0618229561595,39.3705855211339,9.58333333302999,8.66666666633,1980.66666666733,1981.58333333403,NA
148,149,2.416666667,-79.8103010879342,41.2734749796491,-78.1942176370713,41.3981552224007,9.666666667,7.25,1979.250000001,1981.666666668,NA
152,155,2.833333333,-79.2269926734436,40.7520215630905,-78.7232629656816,40.6338771170152,9.8333333327,6.9999999997,1979.0000000007,1981.8333333337,NA
167,168,1,-78.2020451648718,39.5262540336106,-77.1495986155453,41.089662738265,9.9166666657,8.9166666657,1980.9166666667,1981.9166666667,NA
197,198,1.583333333,-79.296564062945,39.4230011557212,-79.2589177819998,39.2407080024053,9.9166666667,8.3333333337,1980.3333333347,1981.9166666677,NA
190,191,3.583333333,-79.3502974551934,39.5585270410526,-79.3110867521711,39.524136042091,9.9999999997,6.4166666667,1978.4166666677,1982.0000000007,NA
197,199,1.75,-79.296564062945,39.4230011557212,-79.3170407476407,39.4896264431169,10.0833333337,8.3333333337,1980.3333333347,1982.0833333347,NA
149,150,0.5,-78.1942176370713,41.3981552224007,-78.3295493587972,40.9740511763787,10.166666667,9.666666667,1981.666666668,1982.166666668,NA
149,151,0.5,-78.1942176370713,41.3981552224007,-78.1946177919125,41.3334854447647,10.166666667,9.666666667,1981.666666668,1982.166666668,NA
205,206,0.666666666700003,-79.0618229561595,39.3705855211339,-79.078326785026,39.3178033570403,10.24999999973,9.58333333302999,1981.58333333403,1982.25000000073,NA
190,63,3.91666633230004,-79.3502974551934,39.5585270410526,-79.5018239000619,38.7672377000873,10.333332999,6.4166666667,1978.4166666677,1982.333333,18
155,28,0.499999666300038,-78.7232629656816,40.6338771170152,-78.657203,40.624263,10.333332999,9.8333333327,1981.8333333337,1982.333333,51
206,207,0.0833333333299962,-79.078326785026,39.3178033570403,-78.9474087439746,39.2686723541403,10.33333333306,10.24999999973,1982.25000000073,1982.33333333406,NA
163,164,2.583333333,-78.0867115296387,39.4186559263034,-77.8634305822863,39.458146873914,10.4166666657,7.8333333327,1979.8333333337,1982.4166666667,NA
150,22,0.25000033199996,-78.3295493587972,40.9740511763787,-78.256525,40.894389,10.416666999,10.166666667,1982.166666668,1982.416667,61
188,61,1.666666666,-79.0186077265859,38.6146717930009,-79.058527,38.710976,10.499999999,8.833333333,1980.833333334,1982.5,38
153,25,2.83333299930004,-79.2840605937432,40.7175553278464,-78.46189,40.827024,10.583332999,7.7499999997,1979.7500000007,1982.583333,27
128,1,4.833333333,-79.126029275356,38.8531051678277,-77.0014,39.425986,10.749999999,5.91666666599999,1977.916666667,1982.75,11
209,210,1.583333333,-79.078688769297,39.223809681273,-79.7388732794671,38.9406455032556,10.74999999933,9.16666666633,1981.16666666733,1982.75000000033,NA
198,72,1.0833333323,-79.2589177819998,39.2407080024053,-79.2308758481827,39.5458233769394,10.999999999,9.9166666667,1981.9166666677,1983,53
209,213,1.833333333,-79.078688769297,39.223809681273,-78.8829341308045,39.3673265277801,10.99999999933,9.16666666633,1981.16666666733,1983.00000000033,NA
210,211,0.25,-79.7388732794671,38.9406455032556,-79.7102142146654,38.9630965940618,10.99999999933,10.74999999933,1982.75000000033,1983.00000000033,NA
168,42,1.16666633330004,-77.1495986155453,41.089662738265,-77.103613,41.082013,11.083332999,9.9166666657,1981.9166666667,1983.083333,55
213,88,0.249999999669999,-78.8829341308045,39.3673265277801,-78.788201,39.291079,11.249999999,10.99999999933,1983.00000000033,1983.25,72
207,208,0.916666666700003,-78.9474087439746,39.2686723541403,-78.8705375556958,39.3201804368555,11.24999999976,10.33333333306,1982.33333333406,1983.25000000076,NA
199,200,1.25,-79.3170407476407,39.4896264431169,-79.2079314259004,39.5335593764617,11.3333333337,10.0833333337,1982.0833333347,1983.3333333347,NA
191,195,1.5,-79.3110867521711,39.524136042091,-79.2766649348962,39.6625122893918,11.4999999997,9.9999999997,1982.0000000007,1983.5000000007,NA
207,81,1.24999966594004,-78.9474087439746,39.2686723541403,-78.414518,39.349634,11.583332999,10.33333333306,1982.33333333406,1983.583333,66
191,192,1.583333333,-79.3110867521711,39.524136042091,-79.4850513867254,39.3159747092956,11.5833333327,9.9999999997,1982.0000000007,1983.5833333337,NA
151,23,1.50000033199996,-78.1946177919125,41.3334854447647,-77.912066,41.800237,11.666666999,10.166666667,1982.166666668,1983.666667,62
164,37,1.25000033329996,-77.8634305822863,39.458146873914,-76.446084,38.175688,11.666666999,10.4166666657,1982.4166666667,1983.666667,68
161,34,3.833333333,-78.1283729135224,39.3172310314748,-77.208742,38.493655,11.749999999,7.91666666599999,1979.916666667,1983.75,30
151,24,1.583333332,-78.1946177919125,41.3334854447647,-78.544731,41.403191,11.749999999,10.166666667,1982.166666668,1983.75,63
208,83,0.49999999924,-78.8705375556958,39.3201804368555,-79.228834498557,39.5468049952206,11.749999999,11.24999999976,1983.25000000076,1983.75,77
213,214,0.833333333300001,-78.8829341308045,39.3673265277801,-78.8721757725576,39.3806625201051,11.83333333263,10.99999999933,1983.00000000033,1983.83333333363,NA
162,36,3.00000033299996,-78.0148810946722,39.3274933741895,-77.755843,39.975329,11.916666999,8.91666666599999,1980.916666667,1983.916667,43
211,212,1.083333333,-79.7102142146654,38.9630965940618,-79.746938683053,39.0050587525366,12.08333333233,10.99999999933,1983.00000000033,1984.08333333333,NA
200,74,0.916666665299999,-79.2079314259004,39.5335593764617,-79.2281076934935,39.5423684964918,12.249999999,11.3333333337,1983.3333333347,1984.25,79
148,20,5.08333299900004,-79.8103010879342,41.2734749796491,-80.053614,41.286606,12.333332999,7.25,1979.250000001,1984.333333,24
167,41,3.41666633330004,-78.2020451648718,39.5262540336106,-77.934631,39.482903,12.333332999,8.9166666657,1980.9166666667,1984.333333,40
200,201,1,-79.2079314259004,39.5335593764617,-79.2434193756716,39.6398507363702,12.3333333337,11.3333333337,1983.3333333347,1984.3333333347,NA
214,218,0.75,-78.8721757725576,39.3806625201051,-78.7353645235676,39.3185965528167,12.58333333263,11.83333333263,1983.83333333363,1984.58333333363,NA
210,84,1.91666699966996,-79.7388732794671,38.9406455032556,-79.467221,38.412866,12.666666999,10.74999999933,1982.75000000033,1984.666667,71
198,71,2.8333333323,-79.2589177819998,39.2407080024053,-79.0494596044231,39.5870621187403,12.749999999,9.9166666667,1981.9166666677,1984.75,52
153,154,5,-79.2840605937432,40.7175553278464,-79.2184340893359,40.8073472049561,12.7499999997,7.7499999997,1979.7500000007,1984.7500000007,NA
203,78,4.416666666,-78.9713759590262,39.0985129994862,-78.562258,39.151541,12.999999999,8.583333333,1980.583333334,1985,34
218,219,0.416666666699999,-78.7353645235676,39.3185965528167,-78.7309971110674,39.2976412155447,12.99999999933,12.58333333263,1984.58333333363,1985.00000000033,NA
212,86,0.999999666670039,-79.746938683053,39.0050587525366,-77.522577,37.894441,13.083332999,12.08333333233,1984.08333333333,1985.083333,86
208,82,1.91666699923996,-78.8705375556958,39.3201804368555,-78.972466,39.255593,13.166666999,11.24999999976,1983.25000000076,1985.166667,76
168,169,3.333333333,-77.1495986155453,41.089662738265,-77.0287588663567,40.941345808826,13.2499999987,9.9166666657,1981.9166666667,1985.2499999997,NA
154,26,0.583332999300037,-79.2184340893359,40.8073472049561,-79.181354,40.689091,13.333332999,12.7499999997,1984.7500000007,1985.333333,92
128,129,7.416666667,-79.126029275356,38.8531051678277,-79.2436028856793,38.838340268037,13.333333333,5.91666666599999,1977.916666667,1985.333333334,NA
218,223,0.916666666699999,-78.7353645235676,39.3185965528167,-79.1443527896751,40.548917302763,13.49999999933,12.58333333263,1984.58333333363,1985.50000000033,NA
201,202,1.166666667,-79.2434193756716,39.6398507363702,-79.6035612340167,39.6655209877568,13.5000000007,12.3333333337,1984.3333333347,1985.5000000017,NA
219,220,0.583333333300001,-78.7309971110674,39.2976412155447,-78.5556866194781,39.4270101379887,13.58333333263,12.99999999933,1985.00000000033,1985.58333333363,NA
202,76,0.166666998299963,-79.6035612340167,39.6655209877568,-79.6144341302811,39.6511459825454,13.666666999,13.5000000007,1985.5000000017,1985.666667,100
202,77,0.166666998299963,-79.6035612340167,39.6655209877568,-79.5542168168488,39.4875886013156,13.666666999,13.5000000007,1985.5000000017,1985.666667,101
192,193,2.166666667,-79.4850513867254,39.3159747092956,-79.3659054107095,39.2844827925899,13.7499999997,11.5833333327,1983.5833333337,1985.7500000007,NA
201,75,1.49999966530004,-79.2434193756716,39.6398507363702,-79.2286068651192,39.5404740370715,13.833332999,12.3333333337,1984.3333333347,1985.833333,89
220,94,0.249999666370037,-78.5556866194781,39.4270101379887,-78.6048028171325,39.3208761896631,13.833332999,13.58333333263,1985.58333333363,1985.833333,105
169,179,0.583333333300004,-77.0287588663567,40.941345808826,-77.0091363686616,40.9571966066048,13.833333332,13.2499999987,1985.2499999997,1985.833333333,NA
223,227,0.333333333300001,-79.1443527896751,40.548917302763,-79.3274574539823,40.4154073445387,13.83333333263,13.49999999933,1985.50000000033,1985.83333333363,NA
169,170,0.75,-77.0287588663567,40.941345808826,-77.0679508303349,40.9446588574174,13.9999999987,13.2499999987,1985.2499999997,1985.9999999997,NA
129,2,0.666666666000001,-79.2436028856793,38.838340268037,-79.2227339824118,38.6780190616966,13.999999999,13.333333333,1985.333333334,1986,99
205,79,4.49999966597004,-79.0618229561595,39.3705855211339,-78.826525,39.457908,14.083332999,9.58333333302999,1981.58333333403,1986.083333,47
170,172,0.0833333333300033,-77.0679508303349,40.9446588574174,-77.055670376246,40.8674287845574,14.08333333203,13.9999999987,1985.9999999997,1986.08333333303,NA
192,194,2.583333333,-79.4850513867254,39.3159747092956,-79.3467384642644,39.3288497566226,14.1666666657,11.5833333327,1983.5833333337,1986.1666666667,NA
227,235,0.5,-79.3274574539823,40.4154073445387,-79.1499040686918,40.0486519437899,14.33333333263,13.83333333263,1985.83333333363,1986.33333333363,NA
194,67,0.250000333299962,-79.3467384642644,39.3288497566226,-79.3460035882622,39.3507006769331,14.416666999,14.1666666657,1986.1666666667,1986.416667,117
170,171,0.5,-77.0679508303349,40.9446588574174,-77.1717719067933,41.1697697687039,14.4999999987,13.9999999987,1985.9999999997,1986.4999999997,NA
235,236,0.166666666699999,-79.1499040686918,40.0486519437899,-79.157759215526,40.0849814161252,14.49999999933,14.33333333263,1986.33333333363,1986.50000000033,NA
214,215,2.666666667,-78.8721757725576,39.3806625201051,-79.2700316055189,39.2710347069983,14.49999999963,11.83333333263,1983.83333333363,1986.50000000063,NA
129,130,1.583333333,-79.2436028856793,38.838340268037,-79.2107972575133,38.7568172289294,14.916666666,13.333333333,1985.333333334,1986.916666667,NA
179,53,1.166666667,-77.0091363686616,40.9571966066048,-76.929165,41.138263,14.999999999,13.833333332,1985.833333333,1987,109
220,93,1.49999966637004,-78.5556866194781,39.4270101379887,-78.154233,39.047033,15.083332999,13.58333333263,1985.58333333363,1987.083333,104
193,65,1.41666699929996,-79.3659054107095,39.2844827925899,-78.9380514747758,39.0866728961645,15.166666999,13.7499999997,1985.7500000007,1987.166667,107
171,44,0.666667000299963,-77.1717719067933,41.1697697687039,-77.26847,41.343312,15.166666999,14.4999999987,1986.4999999997,1987.166667,123
199,73,5.24999966530004,-79.3170407476407,39.4896264431169,-79.414533,38.976072,15.333332999,10.0833333337,1982.0833333347,1987.333333,59
236,237,1.083333333,-79.157759215526,40.0849814161252,-77.8850635026148,40.303847018482,15.58333333233,14.49999999933,1986.50000000033,1987.58333333333,NA
193,64,1.91666699929996,-79.3659054107095,39.2844827925899,-79.3467212285201,39.3505079448406,15.666666999,13.7499999997,1985.7500000007,1987.666667,106
195,68,4.2499999993,-79.2766649348962,39.6625122893918,-78.9372465475134,39.0923167792687,15.749999999,11.4999999997,1983.5000000007,1987.75,81
223,224,2.25,-79.1443527896751,40.548917302763,-79.3506260619847,40.5056729071658,15.74999999933,13.49999999933,1985.50000000033,1987.75000000033,NA
215,216,1.416666667,-79.2700316055189,39.2710347069983,-79.5066599215139,39.2997750808459,15.91666666663,14.49999999963,1986.50000000063,1987.91666666763,NA
154,27,3.16666699929996,-79.2184340893359,40.8073472049561,-79.5293318871439,40.3105978114294,15.916666999,12.7499999997,1984.7500000007,1987.916667,93
188,62,7.166666666,-79.0186077265859,38.6146717930009,-79.5039770335052,38.7694064740985,15.999999999,8.833333333,1980.833333334,1988,39
150,21,5.833333332,-78.3295493587972,40.9740511763787,-78.482477,40.971189,15.999999999,10.166666667,1982.166666668,1988,60
130,131,1.083333333,-79.2107972575133,38.7568172289294,-79.1873972792742,38.6906730702809,15.999999999,14.916666666,1986.916666667,1988,NA
224,225,0.416666666699999,-79.3506260619847,40.5056729071658,-79.4912669200898,40.537855433137,16.16666666603,15.74999999933,1987.75000000033,1988.16666666703,NA
171,43,1.66666700029996,-77.1717719067933,41.1697697687039,-76.911983,39.47404,16.166666999,14.4999999987,1986.4999999997,1988.166667,122
211,85,5.24999999967,-79.7102142146654,38.9630965940618,-79.5027705011074,39.3165761110961,16.249999999,10.99999999933,1983.00000000033,1988.25,75
131,132,0.333333333300001,-79.1873972792742,38.6906730702809,-79.1659382841289,38.640240900917,16.3333333323,15.999999999,1988,1988.3333333333,NA
172,175,2.333333333,-77.055670376246,40.8674287845574,-77.8411624075176,38.7750066711601,16.41666666503,14.08333333203,1986.08333333303,1988.41666666603,NA
216,89,0.58333333237,-79.5066599215139,39.2997750808459,-79.5001935244007,39.3192147125248,16.499999999,15.91666666663,1987.91666666763,1988.5,132
131,3,0.5,-79.1873972792742,38.6906730702809,-79.204404,38.504901,16.499999999,15.999999999,1988,1988.5,134
132,4,0.166666666699999,-79.1659382841289,38.640240900917,-79.2199866623691,38.6711640906341,16.499999999,16.3333333323,1988.3333333333,1988.5,138
206,80,6.33333299927004,-79.078326785026,39.3178033570403,-79.3498125481502,39.349884624793,16.583332999,10.24999999973,1982.25000000073,1988.583333,65
236,111,2.08333299967004,-79.157759215526,40.0849814161252,-79.181989,40.060876,16.583332999,14.49999999933,1986.50000000033,1988.583333,125
179,180,2.833333333,-77.0091363686616,40.9571966066048,-78.1504261719289,39.5309141083589,16.666666665,13.833333332,1985.833333333,1988.666666666,NA
172,173,2.833333333,-77.055670376246,40.8674287845574,-77.6263606144776,40.5283978794594,16.91666666503,14.08333333203,1986.08333333303,1988.91666666603,NA
227,228,3.083333333,-79.3274574539823,40.4154073445387,-79.232799795062,40.5267547726475,16.91666666563,13.83333333263,1985.83333333363,1988.91666666663,NA
164,165,6.75,-77.8634305822863,39.458146873914,-79.8169534607163,36.0268680425348,17.1666666657,10.4166666657,1982.4166666667,1989.1666666667,NA
180,54,0.50000033399996,-78.1504261719289,39.5309141083589,-78.121367,39.612196,17.166666999,16.666666665,1988.666666666,1989.166667,143
215,217,2.833333333,-79.2700316055189,39.2710347069983,-79.3588697628969,39.27993220581,17.33333333263,14.49999999963,1986.50000000063,1989.33333333363,NA
173,174,0.664047311107494,-77.6263606144776,40.5283978794594,-77.3113437189655,40.2293108961415,17.5807139761375,16.91666666503,1988.91666666603,1989.58071397714,NA
175,48,1.16666633397004,-77.8411624075176,38.7750066711601,-77.336431,36.44908,17.583332999,16.41666666503,1988.41666666603,1989.583333,141
174,47,0.0026190228625449,-77.3113437189655,40.2293108961415,-77.407205,40.167766,17.583332999,17.5807139761375,1989.58071397714,1989.583333,153
162,35,8.75000033299996,-78.0148810946722,39.3274933741895,-76.88924,35.997179,17.666666999,8.91666666599999,1980.916666667,1989.666667,42
194,66,4.00000033329996,-79.3467384642644,39.3288497566226,-79.2265733385543,39.5401437984165,18.166666999,14.1666666657,1986.1666666667,1990.166667,116
224,226,2.583333333,-79.3506260619847,40.5056729071658,-79.2903855113597,40.4938309789963,18.33333333233,15.74999999933,1987.75000000033,1990.33333333333,NA
212,87,6.33333366666996,-79.746938683053,39.0050587525366,-79.838001,36.976049,18.416666999,12.08333333233,1984.08333333333,1990.416667,87
173,45,1.66666633397004,-77.6263606144776,40.5283978794594,-77.656342,40.583038,18.583332999,16.91666666503,1988.91666666603,1990.583333,146
195,196,7.31584655265645,-79.2766649348962,39.6625122893918,-79.9276072426397,40.270079495785,18.8158465523564,11.4999999997,1983.5000000007,1990.81584655336,NA
196,69,0.0174864466435878,-79.9276072426397,40.270079495785,-79.924792,40.264319,18.833332999,18.8158465523564,1990.81584655336,1990.833333,156
175,176,2.583333333,-77.8411624075176,38.7750066711601,-77.9054175006887,38.7332706607929,18.99999999803,16.41666666503,1988.41666666603,1990.99999999903,NA
225,98,2.83333333297,-79.4912669200898,40.537855433137,-79.4404835439935,39.6805362090512,18.999999999,16.16666666603,1988.16666666703,1991,136
174,46,1.50261902286254,-77.3113437189655,40.2293108961415,-78.308872,39.737108,19.083332999,17.5807139761375,1989.58071397714,1991.083333,152
180,181,2.583333333,-78.1504261719289,39.5309141083589,-78.9506248891449,39.4370415662216,19.249999998,16.666666665,1988.666666666,1991.249999999,NA
228,102,2.41666633337004,-79.232799795062,40.5267547726475,-79.0794190658678,40.4019521482788,19.333332999,16.91666666563,1988.91666666663,1991.333333,144
155,156,9.5,-78.7232629656816,40.6338771170152,-78.7838185301229,40.8338109941844,19.3333333327,9.8333333327,1981.8333333337,1991.3333333337,NA
237,238,4.083333333,-77.8850635026148,40.303847018482,-78.3060450092773,39.9427886219431,19.66666666533,15.58333333233,1987.58333333333,1991.66666666633,NA
130,135,5,-79.2107972575133,38.7568172289294,-79.1643759165741,39.1327677881947,19.916666666,14.916666666,1986.916666667,1991.916666667,NA
217,91,2.58333366636996,-79.3588697628969,39.27993220581,-79.382602,40.015998,19.916666999,17.33333333263,1989.33333333363,1991.916667,150
176,49,1.00000000097,-77.9054175006887,38.7332706607929,-78.261535,38.671825,19.999999999,18.99999999803,1990.99999999903,1992,158
237,112,4.99999966667004,-77.8850635026148,40.303847018482,-77.652109,40.226849,20.583332999,15.58333333233,1987.58333333333,1992.583333,128
217,92,3.33333366636996,-79.3588697628969,39.27993220581,-79.5520371852399,39.4889312234279,20.666666999,17.33333333263,1989.33333333363,1992.666667,151
135,136,1.083333333,-79.1643759165741,39.1327677881947,-79.2545422030719,39.0498189214726,20.999999999,19.916666666,1991.916666667,1993,NA
196,70,2.26748644664359,-79.9276072426397,40.270079495785,-80.188286,40.39193,21.083332999,18.8158465523564,1990.81584655336,1993.083333,157
228,229,4.25,-79.232799795062,40.5267547726475,-79.2800720218578,40.4465560162861,21.16666666563,16.91666666563,1988.91666666663,1993.16666666663,NA
136,8,0.166666999999965,-79.2545422030719,39.0498189214726,-79.266676,39.01136,21.166666999,20.999999999,1993,1993.166667,169
225,99,5.08333333297,-79.4912669200898,40.537855433137,-79.5228095314023,40.3072580943521,21.249999999,16.16666666603,1988.16666666703,1993.25,137
181,182,2.25,-78.9506248891449,39.4370415662216,-79.9256902429654,35.0031779766173,21.499999998,19.249999998,1991.249999999,1993.499999999,NA
226,100,3.49999966667004,-79.2903855113597,40.4938309789963,-78.3366527981809,39.9081275762256,21.833332999,18.33333333233,1990.33333333333,1993.833333,154
229,230,1,-79.2800720218578,40.4465560162861,-79.5233654226399,40.1451175704639,22.16666666563,21.16666666563,1993.16666666663,1994.16666666663,NA
238,240,2.583333333,-78.3060450092773,39.9427886219431,-78.4804314288613,39.7735601087539,22.24999999833,19.66666666533,1991.66666666633,1994.24999999933,NA
135,140,2.333333333,-79.1643759165741,39.1327677881947,-79.4235165516,39.2213306956669,22.249999999,19.916666666,1991.916666667,1994.25,NA
230,104,0.33333333337,-79.5233654226399,40.1451175704639,-79.651336,40.139725,22.499999999,22.16666666563,1994.16666666663,1994.5,175
176,177,3.583333333,-77.9054175006887,38.7332706607929,-77.9664721242042,38.9113890071589,22.58333333103,18.99999999803,1990.99999999903,1994.58333333203,NA
165,166,5.583333333,-79.8169534607163,36.0268680425348,-79.8405809248662,36.058666638122,22.7499999987,17.1666666657,1989.1666666667,1994.7499999997,NA
165,38,5.5833333333,-79.8169534607163,36.0268680425348,-79.555895,36.324578,22.749999999,17.1666666657,1989.1666666667,1994.75,148
235,110,8.49999966637004,-79.1499040686918,40.0486519437899,-79.6558749895953,38.9070945014396,22.833332999,14.33333333263,1986.33333333363,1994.833333,118
240,246,0.583333333300001,-78.4804314288613,39.7735601087539,-78.6530897497114,39.4170987444706,22.83333333163,22.24999999833,1994.24999999933,1994.83333333263,NA
246,247,0.0833333333299997,-78.6530897497114,39.4170987444706,-78.6729058492007,39.3662919055302,22.91666666496,22.83333333163,1994.83333333263,1994.91666666596,NA
140,141,0.916666666699999,-79.4235165516,39.2213306956669,-79.6467073475173,39.0734114314828,23.1666666657,22.249999999,1994.25,1995.1666666667,NA
136,137,2.333333333,-79.2545422030719,39.0498189214726,-79.1059636399149,39.0408632655271,23.333333332,20.999999999,1993,1995.333333333,NA
229,103,2.33333333337,-79.2800720218578,40.4465560162861,-79.0793673901922,40.396087627561,23.499999999,21.16666666563,1993.16666666663,1995.5,171
156,157,4.166666667,-78.7838185301229,40.8338109941844,-79.0056871861383,40.2172697568933,23.4999999997,19.3333333327,1991.3333333337,1995.5000000007,NA
157,30,0.0833329993000369,-79.0056871861383,40.2172697568933,-79.027329,40.249389,23.583332999,23.4999999997,1995.5000000007,1995.583333,192
157,158,0.166666666699999,-79.0056871861383,40.2172697568933,-79.4986541882578,39.833164843869,23.6666666664,23.4999999997,1995.5000000007,1995.6666666674,NA
226,101,5.58333366666996,-79.2903855113597,40.4938309789963,-79.128495,40.545617,23.916666999,18.33333333233,1990.33333333333,1995.916667,155
240,241,1.916666667,-78.4804314288613,39.7735601087539,-79.1897818094014,39.6588110850139,24.16666666533,22.24999999833,1994.24999999933,1996.16666666633,NA
181,55,5.08333300100004,-78.9506248891449,39.4370415662216,-79.0431795798682,39.5854514885504,24.333332999,19.249999998,1991.249999999,1996.333333,160
156,29,5.24999966630004,-78.7838185301229,40.8338109941844,-79.4452817887992,39.6745714501924,24.583332999,19.3333333327,1991.3333333337,1996.583333,162
247,122,1.66666633404004,-78.6729058492007,39.3662919055302,-79.085450706704,39.752874053218,24.583332999,22.91666666496,1994.91666666596,1996.583333,187
177,178,2,-77.9664721242042,38.9113890071589,-78.2174472707315,39.6434379111288,24.58333333103,22.58333333103,1994.58333333203,1996.58333333203,NA
246,121,2.08333366736996,-78.6530897497114,39.4170987444706,-78.6046658483885,39.3156047208012,24.916666999,22.83333333163,1994.83333333263,1996.916667,184
166,40,2.41666700029996,-79.8405809248662,36.058666638122,-80.156404,35.957808,25.166666999,22.7499999987,1994.7499999997,1997.166667,194
132,133,8.916666667,-79.1659382841289,38.640240900917,-79.1311137872994,36.889817940341,25.2499999993,16.3333333323,1988.3333333333,1997.2500000003,NA
178,51,0.749999667970041,-78.2174472707315,39.6434379111288,-79.036947083081,38.5442264316349,25.333332999,24.58333333103,1996.58333333203,1997.333333,200
241,242,1.333333333,-79.1897818094014,39.6588110850139,-79.3101895100456,39.6686449087383,25.49999999833,24.16666666533,1996.16666666633,1997.49999999933,NA
182,184,4.083333333,-79.9256902429654,35.0031779766173,-80.2596211923061,34.2859647340976,25.583333331,21.499999998,1993.499999999,1997.583333332,NA
166,39,3.08333300030004,-79.8405809248662,36.058666638122,-80.326795,35.762452,25.833332999,22.7499999987,1994.7499999997,1997.833333,182
137,138,2.583333333,-79.1059636399149,39.0408632655271,-79.3141696910408,39.347843716812,25.916666665,23.333333332,1995.333333333,1997.916666666,NA
184,185,0.416666666699999,-80.2596211923061,34.2859647340976,-80.2418431911512,34.2279860333338,25.9999999977,25.583333331,1997.583333332,1997.9999999987,NA
133,134,0.75,-79.1311137872994,36.889817940341,-77.4990358787553,36.2223251742932,25.9999999993,25.2499999993,1997.2500000003,1998.0000000003,NA
219,221,13,-78.7309971110674,39.2976412155447,-80.4133430007776,41.5711580328999,25.99999999933,12.99999999933,1985.00000000033,1998.00000000033,NA
185,59,0.0833330013000406,-80.2418431911512,34.2279860333338,-80.251243,34.232416,26.083332999,25.9999999977,1997.9999999987,1998.083333,216
184,58,0.74999966800004,-80.2596211923061,34.2859647340976,-77.585626,35.130063,26.333332999,25.583333331,1997.583333332,1998.333333,208
230,231,4.166666667,-79.5233654226399,40.1451175704639,-78.8685218873352,39.7227201590231,26.33333333263,22.16666666563,1994.16666666663,1998.33333333363,NA
231,232,0.166666666699999,-78.8685218873352,39.7227201590231,-78.7507653570286,39.699602839929,26.49999999933,26.33333333263,1998.33333333363,1998.50000000033,NA
140,13,4.33333300000004,-79.4235165516,39.2213306956669,-79.4416256698297,39.6822815429688,26.583332999,22.249999999,1994.25,1998.583333,179
241,243,2.5,-79.1897818094014,39.6588110850139,-79.3316501804908,39.8008362346954,26.66666666533,24.16666666533,1996.16666666633,1998.66666666633,NA
238,239,7.083333333,-78.3060450092773,39.9427886219431,-78.2028092006414,39.5712248606931,26.74999999833,19.66666666533,1991.66666666633,1998.74999999933,NA
137,139,3.5,-79.1059636399149,39.0408632655271,-78.8676817401122,38.9223164190637,26.833333332,23.333333332,1995.333333333,1998.833333333,NA
141,14,3.75000033329996,-79.6467073475173,39.0734114314828,-79.5512024726176,39.4859507562673,26.916666999,23.1666666657,1995.1666666667,1998.916667,189
182,183,5.75,-79.9256902429654,35.0031779766173,-79.8141169003596,35.3278702584282,27.249999998,21.499999998,1993.499999999,1999.249999999,NA
231,105,1.08333366636996,-78.8685218873352,39.7227201590231,-78.671313,39.65662,27.416666999,26.33333333263,1998.33333333363,1999.416667,218
239,114,0.66666700066996,-78.2028092006414,39.5712248606931,-78.040557,39.258237,27.416666999,26.74999999833,1998.74999999933,1999.416667,225
232,106,1.08333299967004,-78.7507653570286,39.699602839929,-78.896473,39.786356,27.583332999,26.49999999933,1998.50000000033,1999.583333,220
232,233,1.083333333,-78.7507653570286,39.699602839929,-78.8531556871706,39.6158550327364,27.58333333233,26.49999999933,1998.50000000033,1999.58333333333,NA
141,142,4.416666667,-79.6467073475173,39.0734114314828,-79.6904842545296,38.9314600798547,27.5833333327,23.1666666657,1995.1666666667,1999.5833333337,NA
177,50,5.08333366796996,-77.9664721242042,38.9113890071589,-77.073521,38.514275,27.666666999,22.58333333103,1994.58333333203,1999.666667,180
243,244,1.083333333,-79.3316501804908,39.8008362346954,-79.3206402975624,39.7232503283427,27.74999999833,26.66666666533,1998.66666666633,1999.74999999933,NA
158,31,4.0833333326,-79.4986541882578,39.833164843869,-79.6129621063987,39.6494670630872,27.749999999,23.6666666664,1995.6666666674,1999.75,197
183,56,0.500000001,-79.8141169003596,35.3278702584282,-79.814376,35.650492,27.749999999,27.249999998,1999.249999999,1999.75,230
233,234,0.410397929264771,-78.8531556871706,39.6158550327364,-78.8560821517455,39.6234011362376,27.9937312615948,27.58333333233,1999.58333333333,1999.99373126259,NA
234,109,0.00626873740522971,-78.8560821517455,39.6234011362376,-78.8564681550843,39.6266461297667,27.999999999,27.9937312615948,1999.99373126259,2000,243
142,15,0.499999666300042,-79.6904842545296,38.9314600798547,-79.6591145243255,38.9010554196218,28.083332999,27.5833333327,1999.5833333337,2000.083333,237
234,108,0.172935737405191,-78.8560821517455,39.6234011362376,-78.859984844635,39.6271692990801,28.166666999,27.9937312615948,1999.99373126259,2000.166667,242
242,115,2.83333300067004,-79.3101895100456,39.6686449087383,-79.5032276190171,39.8354182429529,28.333332999,25.49999999833,1997.49999999933,2000.333333,206
242,116,3.08333300067004,-79.3101895100456,39.6686449087383,-79.347037361747,39.3454597240503,28.583332999,25.49999999833,1997.49999999933,2000.583333,207
142,143,1,-79.6904842545296,38.9314600798547,-79.676369625604,39.0003561378508,28.5833333327,27.5833333327,1999.5833333337,2000.5833333337,NA
178,52,4.24999966797004,-78.2174472707315,39.6434379111288,-78.279902,39.565227,28.833332999,24.58333333103,1996.58333333203,2000.833333,201
183,57,2.000000001,-79.8141169003596,35.3278702584282,-79.375972,34.506164,29.249999999,27.249999998,1999.249999999,2001.25,231
221,222,3.25,-80.4133430007776,41.5711580328999,-79.7443135920773,41.3631966933257,29.24999999933,25.99999999933,1998.00000000033,2001.25000000033,NA
158,159,5.75,-79.4986541882578,39.833164843869,-79.4998974022902,39.8397118851728,29.4166666664,23.6666666664,1995.6666666674,2001.4166666674,NA
216,90,13.50000033237,-79.5066599215139,39.2997750808459,-79.881152,39.265013,29.416666999,15.91666666663,1987.91666666763,2001.416667,234
159,33,3.32599960017887e-07,-79.4998974022902,39.8397118851728,-79.4999045801718,39.8397010693672,29.416666999,29.4166666664,2001.4166666674,2001.416667,251
244,245,1.916666667,-79.3206402975624,39.7232503283427,-79.1030576847915,39.7737001636694,29.66666666533,27.74999999833,1999.74999999933,2001.66666666633,NA
185,60,3.66666700129996,-80.2418431911512,34.2279860333338,-80.498066,34.040231,29.666666999,25.9999999977,1997.9999999987,2001.666667,217
233,107,2.16666666667,-78.8531556871706,39.6158550327364,-76.954867,38.959982,29.749999999,27.58333333233,1999.58333333333,2001.75,245
245,120,0.083333333669998,-79.1030576847915,39.7737001636694,-79.0920425839108,39.7442407288928,29.749999999,29.66666666533,2001.66666666633,2001.75,253
222,96,0.833332999670038,-79.7443135920773,41.3631966933257,-79.822328,41.478303,30.083332999,29.24999999933,2001.25000000033,2002.083333,257
134,7,4.16666699969996,-77.4990358787553,36.2223251742932,-75.462464,35.638722,30.166666999,25.9999999993,1998.0000000003,2002.166667,215
239,113,3.50000000067,-78.2028092006414,39.5712248606931,-78.3342994610732,39.905828401448,30.249999999,26.74999999833,1998.74999999933,2002.25,224
143,144,1.916666667,-79.676369625604,39.0003561378508,-79.756215763446,39.6064991874225,30.4999999997,28.5833333327,2000.5833333337,2002.5000000007,NA
144,17,0.0833329993000405,-79.756215763446,39.6064991874225,-79.759747,39.629825,30.583332999,30.4999999997,2002.5000000007,2002.583333,265
159,32,1.3333333326,-79.4998974022902,39.8397118851728,-79.570114,39.991577,30.749999999,29.4166666664,2001.4166666674,2002.75,271
247,248,8.083333333,-78.6729058492007,39.3662919055302,-78.0105916647344,39.3562077649389,30.99999999796,22.91666666496,1994.91666666596,2002.99999999896,NA
144,16,0.499999999300002,-79.756215763446,39.6064991874225,-79.695516,39.462641,30.999999999,30.4999999997,2002.5000000007,2003,267
243,117,4.41666633367004,-79.3316501804908,39.8008362346954,-79.67351,39.813014,31.083332999,26.66666666533,1998.66666666633,2003.083333,223
245,119,1.58333333367,-79.1030576847915,39.7737001636694,-79.130626,39.907101,31.249999999,29.66666666533,2001.66666666633,2003.25,252
244,118,3.58333300067004,-79.3206402975624,39.7232503283427,-79.3462851469795,39.3494648867816,31.333332999,27.74999999833,1999.74999999933,2003.333333,269
248,249,0.333333333300001,-78.0105916647344,39.3562077649389,-78.0179511228848,39.1183401050792,31.33333333126,30.99999999796,2002.99999999896,2003.33333333226,NA
143,145,2.833333333,-79.676369625604,39.0003561378508,-79.7822393727255,38.7530954740023,31.4166666657,28.5833333327,2000.5833333337,2003.4166666667,NA
221,95,5.41666699966996,-80.4133430007776,41.5711580328999,-80.765225,41.478658,31.416666999,25.99999999933,1998.00000000033,2003.416667,229
248,123,0.750000001039997,-78.0105916647344,39.3562077649389,-77.8894467878171,39.2975409232323,31.749999999,30.99999999796,2002.99999999896,2003.75,278
145,19,0.333333333300004,-79.7822393727255,38.7530954740023,-79.589014,39.115062,31.749999999,31.4166666657,2003.4166666667,2003.75,289
138,9,5.91666633400004,-79.3141696910408,39.347843716812,-79.306033,39.179958,31.833332999,25.916666665,1997.916666666,2003.833333,282
249,125,0.499999667740035,-78.0179511228848,39.1183401050792,-77.992578,39.082414,31.833332999,31.33333333126,2003.33333333226,2003.833333,290
139,12,5.08333366699997,-78.8676817401122,38.9223164190637,-79.0413342911222,38.5419220716235,31.916666999,26.833333332,1998.833333333,2003.916667,233
134,6,6.08333299970004,-77.4990358787553,36.2223251742932,-77.468099,36.03753,32.083332999,25.9999999993,1998.0000000003,2004.083333,259
138,10,6.33333333400001,-79.3141696910408,39.347843716812,-78.483107,39.689421,32.249999999,25.916666665,1997.916666666,2004.25,211
139,11,5.416666667,-78.8676817401122,38.9223164190637,-78.9396968810635,39.0917967093033,32.249999999,26.833333332,1998.833333333,2004.25,296
249,124,0.916666667739996,-78.0179511228848,39.1183401050792,-77.889940770728,39.29753595665,32.249999999,31.33333333126,2003.33333333226,2004.25,284
222,97,3.16666699966996,-79.7443135920773,41.3631966933257,-79.755553,41.342726,32.416666999,29.24999999933,2001.25000000033,2004.416667,249
145,18,1.25000033329997,-79.7822393727255,38.7530954740023,-79.61399,38.722948,32.666666999,31.4166666657,2003.4166666667,2004.666667,303
133,5,7.44999999970004,-79.1311137872994,36.889817940341,-79.657429,36.970612,32.699999999,25.2499999993,1997.2500000003,2004.7,276
