node1,node2,length,startLon,startLat,endLon,endLat,endNodeL,startNodeL,startYear,endYear,tipLabel
274,275,2,-78.0199205450807,37.1772735334149,-79.2860074497129,36.4052517642659,2,0,1971.99999967,1973.99999967,NA
274,324,0.0833333333300033,-78.0199205450807,37.1772735334149,-78.0459530395828,37.215829934754,0.0833333333300033,0,1971.99999967,1972.08333300333,NA
324,339,0.333333333299997,-78.0459530395828,37.215829934754,-78.0502395705342,37.1649990627588,0.41666666663,0.0833333333300033,1972.08333300333,1972.41666633663,NA
339,385,0.666666666699999,-78.0502395705342,37.1649990627588,-78.0094944444039,37.3937540610548,1.08333333333,0.41666666663,1972.41666633663,1973.08333300333,NA
385,386,0.0833333333299997,-78.0094944444039,37.3937540610548,-78.1485376595415,37.4485927751708,1.16666666666,1.08333333333,1973.08333300333,1973.16666633666,NA
385,435,0.5,-78.0094944444039,37.3937540610548,-78.3643503110753,37.4470052675165,1.58333333333,1.08333333333,1973.08333300333,1973.58333300333,NA
435,473,0.0833333333299997,-78.3643503110753,37.4470052675165,-78.3877547336627,37.4626093186943,1.66666666666,1.58333333333,1973.58333300333,1973.66666633666,NA
275,276,0.916666666699999,-79.2860074497129,36.4052517642659,-79.2646690077611,36.3729189162054,2.9166666667,2,1973.99999967,1974.9166663367,NA
324,325,2.916666667,-78.0459530395828,37.215829934754,-77.8666444647305,37.0320496424497,3.00000000033,0.0833333333300033,1972.08333300333,1974.99999967033,NA
386,387,2.583333333,-78.1485376595415,37.4485927751708,-78.9610335530143,38.3727045123168,3.74999999966,1.16666666666,1973.16666633666,1975.74999966966,NA
339,340,3.5,-78.0502395705342,37.1649990627588,-78.6955564384046,39.7405621722274,3.91666666663,0.41666666663,1972.41666633663,1975.91666633663,NA
276,291,1.666666667,-79.2646690077611,36.3729189162054,-79.0569245095052,36.2317511208447,4.5833333337,2.9166666667,1974.9166663367,1976.5833330037,NA
291,297,0.25,-79.0569245095052,36.2317511208447,-79.1327716857739,36.3258032999213,4.8333333337,4.5833333337,1976.5833330037,1976.8333330037,NA
297,303,0.166666666699999,-79.1327716857739,36.3258032999213,-79.3447361195301,36.0209562632594,5.0000000004,4.8333333337,1976.8333330037,1976.9999996704,NA
340,341,1.166666667,-78.6955564384046,39.7405621722274,-78.8305715325295,39.9330092128636,5.08333333363,3.91666666663,1975.91666633663,1977.08333300363,NA
473,503,3.666666667,-78.3877547336627,37.4626093186943,-77.9958185506662,37.6747786843096,5.33333333366,1.66666666666,1973.66666633666,1977.33333300366,NA
435,436,3.833333333,-78.3643503110753,37.4470052675165,-78.8972418012642,39.3163729160733,5.41666666633,1.58333333333,1973.58333300333,1977.41666633633,NA
436,437,0.0833333333299962,-78.8972418012642,39.3163729160733,-78.7794884824385,39.2734282631028,5.49999999966,5.41666666633,1977.41666633633,1977.49999966966,NA
437,438,0.0833333333300033,-78.7794884824385,39.2734282631028,-78.8461040002999,39.3010081130148,5.58333333299,5.49999999966,1977.49999966966,1977.58333300299,NA
325,327,2.583333333,-77.8666444647305,37.0320496424497,-77.9926195050808,37.2833215545993,5.58333333333,3.00000000033,1974.99999967033,1977.58333300333,NA
386,408,4.583333333,-78.1485376595415,37.4485927751708,-77.7678195076065,37.8954970410038,5.74999999966,1.16666666666,1973.16666633666,1977.74999966966,NA
303,304,0.833333333300001,-79.3447361195301,36.0209562632594,-79.7222615510363,34.3316675294031,5.8333333337,5.0000000004,1976.9999996704,1977.8333330037,NA
387,388,2.416666667,-78.9610335530143,38.3727045123168,-79.4519391592565,38.4497230956126,6.16666666666,3.74999999966,1975.74999966966,1978.16666633666,NA
388,390,0.0833333333299997,-79.4519391592565,38.4497230956126,-79.453001497367,38.4168332333369,6.24999999999,6.16666666666,1978.16666633666,1978.24999966999,NA
341,344,1.333333333,-78.8305715325295,39.9330092128636,-78.7511793281575,39.9144197626052,6.41666666663,5.08333333363,1977.08333300363,1978.41666633663,NA
276,277,3.833333333,-79.2646690077611,36.3729189162054,-77.971272958837,36.6820949702159,6.7499999997,2.9166666667,1974.9166663367,1978.7499996697,NA
303,308,1.833333333,-79.3447361195301,36.0209562632594,-78.7809038456181,36.0182725595138,6.8333333334,5.0000000004,1976.9999996704,1978.8333330034,NA
438,439,1.333333333,-78.8461040002999,39.3010081130148,-78.748926992656,39.1530333308678,6.91666666599,5.58333333299,1977.58333300299,1978.91666633599,NA
308,309,0.5,-78.7809038456181,36.0182725595138,-78.3200922671331,37.0769220425756,7.3333333334,6.8333333334,1978.8333330034,1979.3333330034,NA
291,292,2.75,-79.0569245095052,36.2317511208447,-78.8103929102985,36.3322648185162,7.3333333337,4.5833333337,1976.5833330037,1979.3333330037,NA
309,310,0.0833333333299997,-78.3200922671331,37.0769220425756,-78.3254999102695,37.1373388490063,7.41666666673,7.3333333334,1979.3333330034,1979.41666633673,NA
390,399,1.333333333,-79.453001497367,38.4168332333369,-79.1577156708145,38.8098803020414,7.58333333299,6.24999999999,1978.24999966999,1979.58333300299,NA
503,504,2.5,-77.9958185506662,37.6747786843096,-77.9551344085707,37.7179223493071,7.83333333366,5.33333333366,1977.33333300366,1979.83333300366,NA
408,418,2.166666667,-77.7678195076065,37.8954970410038,-78.3295397892263,37.5544238045671,7.91666666666,5.74999999966,1977.74999966966,1979.91666633666,NA
277,278,1.25,-77.971272958837,36.6820949702159,-78.3498029140173,36.2793521140158,7.9999999997,6.7499999997,1978.7499996697,1979.9999996697,NA
388,389,1.916666667,-79.4519391592565,38.4497230956126,-79.3718803992816,38.5360975618751,8.08333333366,6.16666666666,1978.16666633666,1980.08333300366,NA
438,440,2.583333333,-78.8461040002999,39.3010081130148,-79.2994910480501,39.1244496948952,8.16666666599,5.58333333299,1977.58333300299,1980.16666633599,NA
278,279,0.166666666699996,-78.3498029140173,36.2793521140158,-78.361490200529,36.1981464673617,8.1666666664,7.9999999997,1979.9999996697,1980.1666663364,NA
341,342,3.083333333,-78.8305715325295,39.9330092128636,-77.2289801987855,39.617406766635,8.16666666663,5.08333333363,1977.08333300363,1980.16666633663,NA
292,294,0.833333333300001,-78.8103929102985,36.3322648185162,-78.8256183864586,36.3346721649466,8.166666667,7.3333333337,1979.3333330037,1980.166666337,NA
408,409,2.583333333,-77.7678195076065,37.8954970410038,-77.7184720335587,37.8880112073301,8.33333333266,5.74999999966,1977.74999966966,1980.33333300266,NA
399,400,0.833333333300001,-79.1577156708145,38.8098803020414,-78.9045181502337,38.6552954117267,8.41666666629,7.58333333299,1979.58333300299,1980.41666633629,NA
437,441,3.083333333,-78.7794884824385,39.2734282631028,-79.2758965105236,39.4213730926086,8.58333333266,5.49999999966,1977.49999966966,1980.58333300266,NA
344,345,2.166666667,-78.7511793281575,39.9144197626052,-78.8135167114547,39.5681931015078,8.58333333363,6.41666666663,1978.41666633663,1980.58333300363,NA
473,474,6.916666667,-78.3877547336627,37.4626093186943,-78.1466884291403,37.2102232751319,8.58333333366,1.66666666666,1973.66666633666,1980.58333300366,NA
474,478,0.0833333333299997,-78.1466884291403,37.2102232751319,-78.142407048861,37.2187110307929,8.66666666699,8.58333333366,1980.58333300366,1980.66666633699,NA
344,347,2.583333333,-78.7511793281575,39.9144197626052,-81.1202997075337,41.1386402946532,8.99999999963,6.41666666663,1978.41666633663,1980.99999966963,NA
399,401,1.416666667,-79.1577156708145,38.8098803020414,-79.6670244388753,38.7117743987397,8.99999999999,7.58333333299,1979.58333300299,1980.99999966999,NA
342,343,1,-77.2289801987855,39.617406766635,-77.3631731354964,39.8602730862017,9.16666666663,8.16666666663,1980.16666633663,1981.16666633663,NA
325,326,6.25,-77.8666444647305,37.0320496424497,-77.228551097085,36.2686265358659,9.25000000033,3.00000000033,1974.99999967033,1981.24999967033,NA
347,349,0.416666666699999,-81.1202997075337,41.1386402946532,-81.1493663347387,41.1430682361889,9.41666666633,8.99999999963,1980.99999966963,1981.41666633633,NA
279,280,1.25,-78.361490200529,36.1981464673617,-78.2631732029264,36.6733234399241,9.4166666664,8.1666666664,1980.1666663364,1981.4166663364,NA
277,284,2.833333333,-77.971272958837,36.6820949702159,-77.7992892977558,35.6572904540164,9.5833333327,6.7499999997,1978.7499996697,1981.5833330027,NA
308,311,2.75,-78.7809038456181,36.0182725595138,-78.8360670932131,37.2805153844027,9.5833333334,6.8333333334,1978.8333330034,1981.5833330034,NA
504,523,1.833333333,-77.9551344085707,37.7179223493071,-78.0637306435216,37.6774112393651,9.66666666666,7.83333333366,1979.83333300366,1981.66666633666,NA
292,293,2.333333333,-78.8103929102985,36.3322648185162,-79.4668963399969,34.3134876041147,9.6666666667,7.3333333337,1979.3333330037,1981.6666663367,NA
294,295,1.5,-78.8256183864586,36.3346721649466,-78.339759966449,37.8296526098642,9.666666667,8.166666667,1980.166666337,1981.666666337,NA
409,410,1.416666667,-77.7184720335587,37.8880112073301,-77.6072928556782,38.1616231079884,9.74999999966,8.33333333266,1980.33333300266,1981.74999966966,NA
474,475,1.333333333,-78.1466884291403,37.2102232751319,-78.1659185142075,37.3933572120228,9.91666666666,8.58333333366,1980.58333300366,1981.91666633666,NA
390,391,3.666666667,-79.453001497367,38.4168332333369,-79.4461481694495,38.7435424855351,9.91666666699,6.24999999999,1978.24999966999,1981.91666633699,NA
523,524,0.416666666699999,-78.0637306435216,37.6774112393651,-78.0830614330149,37.5996429430896,10.08333333336,9.66666666666,1981.66666633666,1982.08333300336,NA
327,330,4.666666667,-77.9926195050808,37.2833215545993,-77.9741632019824,37.2854883009524,10.25000000033,5.58333333333,1977.58333300333,1982.24999967033,NA
304,306,4.5,-79.7222615510363,34.3316675294031,-79.6057701872746,34.2525524159979,10.3333333337,5.8333333337,1977.8333330037,1982.3333330037,NA
410,412,0.666666666700003,-77.6072928556782,38.1616231079884,-77.5877570549725,38.2226936295561,10.41666666636,9.74999999966,1981.74999966966,1982.41666633636,NA
310,36,3.00000066326993,-78.3254999102695,37.1373388490063,-77.012735,35.461912,10.4166673299999,7.41666666673,1979.41666633673,1982.416667,65
330,56,0.166667329669924,-77.9741632019824,37.2854883009524,-77.9767254853507,37.2993258393491,10.4166673299999,10.25000000033,1982.24999967033,1982.416667,126
284,285,0.916666666699999,-77.7992892977558,35.6572904540164,-77.6831146213049,35.94900070686,10.4999999994,9.5833333327,1981.5833330027,1982.4999996694,NA
294,296,2.416666667,-78.8256183864586,36.3346721649466,-79.0348384434396,36.0783564441057,10.583333334,8.166666667,1980.166666337,1982.583333004,NA
440,165,2.50000066400992,-79.2994910480501,39.1244496948952,-78.8041966553631,38.6349076578718,10.6666673299999,8.16666666599,1980.16666633599,1982.666667,79
391,115,0.750000663009928,-79.4461481694495,38.7435424855351,-79.3635573600289,38.6790396038316,10.6666673299999,9.91666666699,1981.91666633699,1982.666667,121
436,457,5.333333333,-78.8972418012642,39.3163729160733,-79.099153146084,39.7360574422606,10.74999999933,5.41666666633,1977.41666633633,1982.74999966933,NA
343,69,1.66666666337,-77.3631731354964,39.8602730862017,-77.5227,39.751102,10.83333333,9.16666666663,1981.16666633663,1982.833333,101
309,34,3.58333399659993,-78.3200922671331,37.0769220425756,-77.835247,35.883954,10.9166673299999,7.3333333334,1979.3333330034,1982.916667,63
441,166,2.33333399733992,-79.2758965105236,39.4213730926086,-79.1244788293722,39.3701009355416,10.9166673299999,8.58333333266,1980.58333300266,1982.916667,90
478,204,2.33333366300996,-78.142407048861,37.2187110307929,-78.177827,37.285498,11.00000033,8.66666666699,1980.66666633699,1983,94
441,442,2.5,-79.2758965105236,39.4213730926086,-79.5759028545815,39.2695688617274,11.08333333266,8.58333333266,1980.58333300266,1983.08333300266,NA
343,68,2.08333366336996,-77.3631731354964,39.8602730862017,-77.307656,39.547137,11.25000033,9.16666666663,1981.16666633663,1983.25,100
442,450,0.25,-79.5759028545815,39.2695688617274,-79.9490627341229,39.2864656792067,11.33333333266,11.08333333266,1983.08333300266,1983.33333300266,NA
412,413,0.916666666699996,-77.5877570549725,38.2226936295561,-78.2801994441925,38.3757384359533,11.33333333306,10.41666666636,1982.41666633636,1983.33333300306,NA
475,476,1.416666667,-78.1659185142075,37.3933572120228,-77.8385601455235,37.4769501682501,11.33333333366,9.91666666666,1981.91666633666,1983.33333300366,NA
279,281,3.25,-78.361490200529,36.1981464673617,-78.9904583055362,36.0126611697035,11.4166666664,8.1666666664,1980.1666663364,1983.4166663364,NA
304,305,5.583333333,-79.7222615510363,34.3316675294031,-80.5084803291628,33.9995772904337,11.4166666667,5.8333333337,1977.8333330037,1983.4166663367,NA
450,451,0.166666666699999,-79.9490627341229,39.2864656792067,-79.3605934218103,39.4784299624086,11.49999999936,11.33333333266,1983.33333300266,1983.49999966936,NA
524,525,1.416666667,-78.0830614330149,37.5996429430896,-77.465380869304,38.2199192404061,11.50000000036,10.08333333336,1982.08333300336,1983.49999967036,NA
311,312,1.916666667,-78.8360670932131,37.2805153844027,-78.55550754856,37.3383743093291,11.5000000004,9.5833333334,1981.5833330034,1983.4999996704,NA
439,163,4.58333366400996,-78.748926992656,39.1530333308678,-78.7567108601438,39.143269045398,11.50000033,6.91666666599,1978.91666633599,1983.5,59
293,18,1.9166666633,-79.4668963399969,34.3134876041147,-79.40173,33.910571,11.58333333,9.6666666667,1981.6666663367,1983.583333,113
475,200,1.66666666334,-78.1659185142075,37.3933572120228,-78.825195,37.884403,11.58333333,9.91666666666,1981.91666633666,1983.583333,122
347,348,2.583333333,-81.1202997075337,41.1386402946532,-80.585992933436,41.3136373686632,11.58333333263,8.99999999963,1980.99999966963,1983.58333300263,NA
281,282,0.166666666700003,-78.9904583055362,36.0126611697035,-78.9100378312379,36.0359432870764,11.5833333331,11.4166666664,1983.4166663364,1983.5833330031,NA
282,283,0.0833333333299962,-78.9100378312379,36.0359432870764,-78.7120968366708,36.0006454115318,11.66666666643,11.5833333331,1983.5833330031,1983.66666633643,NA
345,346,3.083333333,-78.8135167114547,39.5681931015078,-79.2498588592931,41.3952493944699,11.66666666663,8.58333333363,1980.58333300363,1983.66666633663,NA
401,402,2.666666667,-79.6670244388753,38.7117743987397,-79.5641222401917,38.8897462932279,11.66666666699,8.99999999999,1980.99999966999,1983.66666633699,NA
278,2,3.8333333303,-78.3498029140173,36.2793521140158,-77.525312,35.347146,11.83333333,7.9999999997,1979.9999996697,1983.833333,73
418,420,4,-78.3295397892263,37.5544238045671,-78.665159982468,37.6189197997158,11.91666666666,7.91666666666,1979.91666633666,1983.91666633666,NA
342,67,3.75000066336992,-77.2289801987855,39.617406766635,-76.6067349498058,39.6514178885962,11.9166673299999,8.16666666663,1980.16666633663,1983.916667,77
311,37,2.33333399659993,-78.8360670932131,37.2805153844027,-78.66592,37.304355,11.9166673299999,9.5833333334,1981.5833330034,1983.916667,111
413,137,0.666666996939966,-78.2801994441925,38.3757384359533,-78.2702462029097,38.4505208159991,12.00000033,11.33333333306,1983.33333300306,1984,142
476,201,0.666666996339963,-77.8385601455235,37.4769501682501,-78.825935,36.959059,12.00000033,11.33333333366,1983.33333300366,1984,141
293,17,2.4166666633,-79.4668963399969,34.3134876041147,-79.799574,33.125259,12.08333333,9.6666666667,1981.6666663367,1984.083333,112
450,175,0.749999997340002,-79.9490627341229,39.2864656792067,-80.003617,39.165331,12.08333333,11.33333333266,1983.33333300266,1984.083333,145
478,479,3.416666667,-78.142407048861,37.2187110307929,-77.9161762547721,37.779538437848,12.08333333399,8.66666666699,1980.66666633699,1984.08333300399,NA
327,328,6.583333333,-77.9926195050808,37.2833215545993,-78.0511249798317,37.5329834182894,12.16666666633,5.58333333333,1977.58333300333,1984.16666633633,NA
457,458,1.416666667,-79.099153146084,39.7360574422606,-79.0017392478264,39.9747546112472,12.16666666633,10.74999999933,1982.74999966933,1984.16666633633,NA
285,288,1.666666667,-77.6831146213049,35.94900070686,-77.8560132360162,36.6027078151046,12.1666666664,10.4999999994,1982.4999996694,1984.1666663364,NA
439,162,5.25000066400992,-78.748926992656,39.1530333308678,-78.4322658869545,38.9729899768243,12.1666673299999,6.91666666599,1978.91666633599,1984.166667,58
280,3,2.75000066359993,-78.2631732029264,36.6733234399241,-77.883268,36.647069,12.1666673299999,9.4166666664,1981.4166663364,1984.166667,104
391,392,2.333333333,-79.4461481694495,38.7435424855351,-80.2781332729489,38.534767393098,12.24999999999,9.91666666699,1981.91666633699,1984.24999966999,NA
418,419,4.5,-78.3295397892263,37.5544238045671,-77.1755902529197,38.2458837655941,12.41666666666,7.91666666666,1979.91666633666,1984.41666633666,NA
419,144,6.63339925210948e-07,-77.1755902529197,38.2458837655941,-77.175626,38.245908,12.4166673299999,12.41666666666,1984.41666633666,1984.416667,178
525,526,1,-77.465380869304,38.2199192404061,-77.5165281632406,38.508491175585,12.50000000036,11.50000000036,1983.49999967036,1984.49999967036,NA
280,4,3.08333366359997,-78.2631732029264,36.6733234399241,-77.919945,35.564802,12.50000033,9.4166666664,1981.4166663364,1984.5,105
275,1,10.58333333,-79.2860074497129,36.4052517642659,-79.41209,35.999537,12.58333333,2,1973.99999967,1984.583333,16
345,70,3.99999999637,-78.8135167114547,39.5681931015078,-78.935202,39.527009,12.58333333,8.58333333363,1980.58333300363,1984.583333,92
283,7,0.916666663570005,-78.7120968366708,36.0006454115318,-78.790394,35.295883,12.58333333,11.66666666643,1983.66666633643,1984.583333,164
410,411,2.833333333,-77.6072928556782,38.1616231079884,-78.2914595126339,37.8451850679548,12.58333333266,9.74999999966,1981.74999966966,1984.58333300266,NA
504,505,4.75,-77.9551344085707,37.7179223493071,-77.5391007630045,37.9475613928644,12.58333333366,7.83333333366,1979.83333300366,1984.58333300366,NA
297,298,7.75,-79.1327716857739,36.3258032999213,-78.6099251416243,36.6532400252334,12.5833333337,4.8333333337,1976.8333330037,1984.5833330037,NA
524,251,2.58333399663993,-78.0830614330149,37.5996429430896,-77.647545,36.676983,12.6666673299999,10.08333333336,1982.08333300336,1984.666667,124
349,351,3.333333333,-81.1493663347387,41.1430682361889,-80.6107611707391,40.8217808937755,12.74999999933,9.41666666633,1981.41666633633,1984.74999966933,NA
310,35,5.33333366326996,-78.3254999102695,37.1373388490063,-78.4237314980936,37.2895134899226,12.75000033,7.41666666673,1979.41666633673,1984.75,64
284,9,3.16666699729996,-77.7992892977558,35.6572904540164,-78.02894,35.552101,12.75000033,9.5833333327,1981.5833330027,1984.75,109
348,73,1.16666699736997,-80.585992933436,41.3136373686632,-80.624776,41.321704,12.75000033,11.58333333263,1983.58333300263,1984.75,156
296,21,2.249999996,-79.0348384434396,36.0783564441057,-79.044259,36.054171,12.83333333,10.583333334,1982.583333004,1984.833333,134
392,395,0.666666666699999,-80.2781332729489,38.534767393098,-80.2645706781907,38.4797029076958,12.91666666669,12.24999999999,1984.24999966999,1984.91666633669,NA
326,52,3.66666732966992,-77.228551097085,36.2686265358659,-77.47316,36.528159,12.9166673299999,9.25000000033,1981.24999967033,1984.916667,103
420,421,1.083333333,-78.665159982468,37.6189197997158,-78.6394891069953,37.7393540021479,12.99999999966,11.91666666666,1983.91666633666,1984.99999966966,NA
312,313,1.5,-78.55550754856,37.3383743093291,-77.8466304858514,37.5041119853395,13.0000000004,11.5000000004,1983.4999996704,1984.9999996704,NA
479,480,0.916666666700003,-77.9161762547721,37.779538437848,-77.970989130302,37.8296552813693,13.00000000069,12.08333333399,1984.08333300399,1984.99999967069,NA
313,38,3.2959996332238e-07,-77.8466304858514,37.5041119853395,-77.84663,37.504261,13.00000033,13.0000000004,1984.9999996704,1985,192
346,71,1.41666666337,-79.2498588592931,41.3952493944699,-79.721908,41.250516,13.08333333,11.66666666663,1983.66666633663,1985.083333,160
395,119,0.166666663310004,-80.2645706781907,38.4797029076958,-80.278589,38.479234,13.08333333,12.91666666669,1984.91666633669,1985.083333,191
312,314,1.583333333,-78.55550754856,37.3383743093291,-78.373877459351,38.1512489569641,13.0833333334,11.5000000004,1983.4999996704,1985.0833330034,NA
330,331,2.916666667,-77.9741632019824,37.2854883009524,-78.566704015302,39.4052427056054,13.16666666733,10.25000000033,1982.24999967033,1985.16666633733,NA
326,51,3.91666732966992,-77.228551097085,36.2686265358659,-77.346654,36.698616,13.1666673299999,9.25000000033,1981.24999967033,1985.166667,102
285,286,2.75,-77.6831146213049,35.94900070686,-79.1116672674386,35.2117535930725,13.2499999994,10.4999999994,1982.4999996694,1985.2499996694,NA
288,289,1.083333333,-77.8560132360162,36.6027078151046,-77.8970285071442,36.9649264712768,13.2499999994,12.1666666664,1984.1666663364,1985.2499996694,NA
387,112,9.50000033033996,-78.9610335530143,38.3727045123168,-78.718541,40.225659,13.25000033,3.74999999966,1975.74999966966,1985.25,22
288,13,1.08333366359997,-77.8560132360162,36.6027078151046,-78.18605,36.472982,13.25000033,12.1666666664,1984.1666663364,1985.25,173
451,452,1.833333333,-79.3605934218103,39.4784299624086,-79.3709235029615,39.3160911946313,13.33333333236,11.49999999936,1983.49999966936,1985.33333300236,NA
401,404,4.333333333,-79.6670244388753,38.7117743987397,-79.5236180395244,38.4651175005568,13.33333333299,8.99999999999,1980.99999966999,1985.33333300299,NA
389,113,5.33333399633992,-79.3718803992816,38.5360975618751,-79.5712963275389,39.2643242615992,13.4166673299999,8.08333333366,1980.08333300366,1985.416667,74
458,184,1.25000066366992,-79.0017392478264,39.9747546112472,-79.3595495444923,40.1522101403105,13.4166673299999,12.16666666633,1984.16666633633,1985.416667,174
404,129,0.0833339970099267,-79.5236180395244,38.4651175005568,-79.566598,38.529289,13.4166673299999,13.33333333299,1985.33333300299,1985.416667,207
392,393,1.25,-80.2781332729489,38.534767393098,-80.4155014240758,38.2965552246162,13.49999999999,12.24999999999,1984.24999966999,1985.49999966999,NA
346,72,2.00000066336992,-79.2498588592931,41.3952493944699,-79.361014,41.420682,13.6666673299999,11.66666666663,1983.66666633663,1985.666667,161
286,287,0.5,-79.1116672674386,35.2117535930725,-78.9408064959063,34.9255535588883,13.7499999994,13.2499999994,1985.2499996694,1985.7499996694,NA
296,22,3.16666699599996,-79.0348384434396,36.0783564441057,-79.647789,36.002921,13.75000033,10.583333334,1982.583333004,1985.75,135
505,231,1.16666699633996,-77.5391007630045,37.9475613928644,-76.762494,35.749717,13.75000033,12.58333333366,1984.58333300366,1985.75,184
351,355,1.166666667,-80.6107611707391,40.8217808937755,-80.6861782495418,40.3008928491661,13.91666666633,12.74999999933,1984.74999966933,1985.91666633633,NA
400,124,5.50000066370993,-78.9045181502337,38.6552954117267,-79.123596238501,39.377550250573,13.9166673299999,8.41666666629,1980.41666633629,1985.916667,86
313,39,0.916667329599925,-77.8466304858514,37.5041119853395,-78.177777,37.087029,13.9166673299999,13.0000000004,1984.9999996704,1985.916667,193
289,290,0.916666666699999,-77.8970285071442,36.9649264712768,-77.9926884060112,37.0413599161588,14.1666666661,13.2499999994,1985.2499996694,1986.1666663361,NA
420,146,2.25000066333993,-78.665159982468,37.6189197997158,-78.4208712244869,37.2834147157645,14.1666673299999,11.91666666666,1983.91666633666,1986.166667,167
421,422,1.25,-78.6394891069953,37.7393540021479,-78.575631585396,37.8706443827408,14.24999999966,12.99999999966,1984.99999966966,1986.24999966966,NA
389,114,6.16666699633996,-79.3718803992816,38.5360975618751,-79.2918092074027,38.4904671258729,14.25000033,8.08333333366,1980.08333300366,1986.25,75
419,145,1.83333366333996,-77.1755902529197,38.2458837655941,-77.283662,37.872526,14.25000033,12.41666666666,1984.41666633666,1986.25,179
457,183,3.66666733066992,-79.099153146084,39.7360574422606,-79.200844,39.57252,14.4166673299999,10.74999999933,1982.74999966933,1986.416667,136
348,74,2.83333399736993,-80.585992933436,41.3136373686632,-80.271239,41.29619,14.4166673299999,11.58333333263,1983.58333300263,1986.416667,157
422,148,0.333333330340004,-78.575631585396,37.8706443827408,-78.7552692751468,37.6852678183889,14.58333333,14.24999999966,1986.24999966966,1986.583333,218
422,423,0.416666666700003,-78.575631585396,37.8706443827408,-78.5099873972574,38.0157693890722,14.66666666636,14.24999999966,1986.24999966966,1986.66666633636,NA
526,527,2.166666667,-77.5165281632406,38.508491175585,-77.4807976418078,38.2221660771636,14.66666666736,12.50000000036,1984.49999967036,1986.66666633736,NA
523,250,5.00000066333993,-78.0637306435216,37.6774112393651,-77.530526,37.871434,14.6666673299999,9.66666666666,1981.66666633666,1986.666667,115
480,206,1.66666732930992,-77.970989130302,37.8296552813693,-78.08309886062,37.6923127717545,14.6666673299999,13.00000000069,1984.99999967069,1986.666667,196
476,477,3.416666667,-77.8385601455235,37.4769501682501,-78.5944576807722,37.783818873576,14.75000000066,11.33333333366,1983.33333300366,1986.74999967066,NA
306,31,4.41666699629996,-79.6057701872746,34.2525524159979,-79.279866,33.93728,14.75000033,10.3333333337,1982.3333330037,1986.75,129
400,125,6.41666666371,-78.9045181502337,38.6552954117267,-78.8759460591355,38.8089944294357,14.83333333,8.41666666629,1980.41666633629,1986.833333,87
295,20,5.166666663,-78.339759966449,37.8296526098642,-76.020875,38.132673,14.83333333,9.666666667,1981.666666337,1986.833333,117
525,252,3.33333332964001,-77.465380869304,38.2199192404061,-77.611449,38.264027,14.83333333,11.50000000036,1983.49999967036,1986.833333,152
452,177,1.49999999764,-79.3709235029615,39.3160911946313,-80.24017,39.733743,14.83333333,13.33333333236,1985.33333300236,1986.833333,209
527,253,0.166666662640004,-77.4807976418078,38.2221660771636,-77.433453,38.268163,14.83333333,14.66666666736,1986.66666633736,1986.833333,220
423,428,0.166666666699996,-78.5099873972574,38.0157693890722,-78.5419478258229,37.948315115141,14.83333333306,14.66666666636,1986.66666633636,1986.83333300306,NA
480,481,1.833333333,-77.970989130302,37.8296552813693,-77.9349966858006,37.6812591041832,14.83333333369,13.00000000069,1984.99999967069,1986.83333300369,NA
306,307,4.5,-79.6057701872746,34.2525524159979,-77.7785279398067,36.3711129792921,14.8333333337,10.3333333337,1982.3333330037,1986.8333330037,NA
287,12,1.25000033059996,-78.9408064959063,34.9255535588883,-79.045766,34.962374,15.00000033,13.7499999994,1985.7499996694,1987,213
421,147,2.08333333034,-78.6394891069953,37.7393540021479,-78.955836,37.509672,15.08333333,12.99999999966,1984.99999966966,1987.083333,194
331,57,1.91666666267,-78.566704015302,39.4052427056054,-77.96795,38.809048,15.08333333,13.16666666733,1985.16666633733,1987.083333,200
287,11,1.3333333306,-78.9408064959063,34.9255535588883,-79.244208,34.795316,15.08333333,13.7499999994,1985.7499996694,1987.083333,212
477,202,0.33333332934,-78.5944576807722,37.783818873576,-79.282286,37.734989,15.08333333,14.75000000066,1986.74999967066,1987.083333,224
314,315,2.166666667,-78.373877459351,38.1512489569641,-78.3515966990086,38.149984533266,15.2500000004,13.0833333334,1985.0833330034,1987.2499996704,NA
505,506,2.666666667,-77.5391007630045,37.9475613928644,-77.8697464293116,37.9388054004846,15.25000000066,12.58333333366,1984.58333300366,1987.24999967066,NA
428,154,0.416666996939966,-78.5419478258229,37.948315115141,-78.5658867632566,37.8669570232989,15.25000033,14.83333333306,1986.83333300306,1987.25,230
477,203,0.58333332934,-78.5944576807722,37.783818873576,-78.7561013959207,37.6844898173701,15.33333333,14.75000000066,1986.74999967066,1987.333333,225
428,429,0.583333333300004,-78.5419478258229,37.948315115141,-78.5689281082221,37.9482228604358,15.41666666636,14.83333333306,1986.83333300306,1987.41666633636,NA
331,332,2.25,-78.566704015302,39.4052427056054,-78.6307443865952,39.3548565594585,15.41666666733,13.16666666733,1985.16666633733,1987.41666633733,NA
413,138,4.08333399693993,-78.2801994441925,38.3757384359533,-79.2400250761099,39.024683734996,15.4166673299999,11.33333333306,1983.33333300306,1987.416667,143
404,405,2.166666667,-79.5236180395244,38.4651175005568,-80.0212287123091,38.184247874021,15.49999999999,13.33333333299,1985.33333300299,1987.49999966999,NA
412,136,5.08333366363996,-77.5877570549725,38.2226936295561,-77.385415963516,38.0705452720689,15.50000033,10.41666666636,1982.41666633636,1987.5,130
328,53,3.33333366366996,-78.0511249798317,37.5329834182894,-78.08098722859,37.6933006860911,15.50000033,12.16666666633,1984.16666633633,1987.5,171
526,528,3.25,-77.5165281632406,38.508491175585,-79.6489082233204,39.548049996509,15.75000000036,12.50000000036,1984.49999967036,1987.74999967036,NA
340,66,11.83333366337,-78.6955564384046,39.7405621722274,-78.473541,40.191247,15.75000033,3.91666666663,1975.91666633663,1987.75,25
503,230,10.41666699634,-77.9958185506662,37.6747786843096,-78.60977,36.302989,15.75000033,5.33333333366,1977.33333300366,1987.75,35
442,443,4.75,-79.5759028545815,39.2695688617274,-79.6397119018713,39.1966836322497,15.83333333266,11.08333333266,1983.08333300266,1987.83333300266,NA
409,414,7.583333333,-77.7184720335587,37.8880112073301,-77.8692931773248,37.379142044941,15.91666666566,8.33333333266,1980.33333300266,1987.91666633566,NA
290,16,1.75000066389993,-77.9926884060112,37.0413599161588,-77.8191005892964,37.3045286347309,15.9166673299999,14.1666666661,1986.1666663361,1987.916667,217
315,41,0.666667329599925,-78.3515966990086,38.149984533266,-78.3700661732871,38.0601164508402,15.9166673299999,15.2500000004,1987.2499996704,1987.916667,234
355,360,2.083333333,-80.6861782495418,40.3008928491661,-80.8906927897687,40.6774380099266,15.99999999933,13.91666666633,1985.91666633633,1987.99999966933,NA
423,424,1.333333333,-78.5099873972574,38.0157693890722,-78.478630034042,38.0516674290234,15.99999999936,14.66666666636,1986.66666633636,1987.99999966936,NA
481,207,1.24999999631,-77.9349966858006,37.6812591041832,-78.612229,36.616084,16.08333333,14.83333333369,1986.83333300369,1988.083333,229
443,444,0.25,-79.6397119018713,39.1966836322497,-79.5996787643427,39.263625411948,16.08333333266,15.83333333266,1987.83333300266,1988.08333300266,NA
451,453,4.666666667,-79.3605934218103,39.4784299624086,-78.5087270555792,38.7151950857343,16.16666666636,11.49999999936,1983.49999966936,1988.16666633636,NA
298,299,3.583333333,-78.6099251416243,36.6532400252334,-78.501197954058,36.7273248473882,16.1666666667,12.5833333337,1984.5833330037,1988.1666663367,NA
305,29,4.75000066329993,-80.5084803291628,33.9995772904337,-79.953635,33.926546,16.1666673299999,11.4166666667,1983.4166663367,1988.166667,146
444,167,0.0833339973399241,-79.5996787643427,39.263625411948,-79.8870316917324,39.7063411526479,16.1666673299999,16.08333333266,1988.08333300266,1988.166667,252
283,8,4.66666666357001,-78.7120968366708,36.0006454115318,-78.362381,36.154665,16.33333333,11.66666666643,1983.66666633643,1988.333333,165
355,356,2.416666667,-80.6861782495418,40.3008928491661,-80.6138473647794,40.2779193023762,16.33333333333,13.91666666633,1985.91666633633,1988.33333300333,NA
444,445,0.333333333300001,-79.5996787643427,39.263625411948,-79.4603789117138,39.4247657433954,16.41666666596,16.08333333266,1988.08333300266,1988.41666633596,NA
360,361,0.416666666699999,-80.8906927897687,40.6774380099266,-81.7562983324208,41.1982871486144,16.41666666603,15.99999999933,1987.99999966933,1988.41666633603,NA
528,535,0.666666666700003,-79.6489082233204,39.548049996509,-79.3299848459788,39.3563939835892,16.41666666706,15.75000000036,1987.74999967036,1988.41666633706,NA
452,176,3.08333399763993,-79.3709235029615,39.3160911946313,-79.127954495686,39.3699929975273,16.4166673299999,13.33333333236,1985.33333300236,1988.416667,208
299,24,0.250000663299925,-78.501197954058,36.7273248473882,-78.4296770180818,36.7725352224146,16.4166673299999,16.1666666667,1988.1666663367,1988.416667,257
481,482,1.666666667,-77.9349966858006,37.6812591041832,-77.9474212855508,37.7251334902868,16.50000000069,14.83333333369,1986.83333300369,1988.49999967069,NA
429,155,1.08333366363996,-78.5689281082221,37.9482228604358,-78.6224537103137,38.0685997212864,16.50000033,15.41666666636,1987.41666633636,1988.5,239
290,15,2.4166666639,-77.9926884060112,37.0413599161588,-77.9921477281537,37.089215418804,16.58333333,14.1666666661,1986.1666663361,1988.583333,216
453,454,0.5,-78.5087270555792,38.7151950857343,-78.3227726746087,38.1854001303811,16.66666666636,16.16666666636,1988.16666633636,1988.66666633636,NA
289,14,3.41666733059992,-77.8970285071442,36.9649264712768,-77.507697,36.850914,16.6666673299999,13.2499999994,1985.2499996694,1988.666667,205
453,455,0.583333333300001,-78.5087270555792,38.7151950857343,-78.5805960284315,38.9526554503927,16.74999999966,16.16666666636,1988.16666633636,1988.74999966966,NA
440,164,8.58333366400996,-79.2994910480501,39.1244496948952,-78.7638745457726,39.1442822009822,16.75000033,8.16666666599,1980.16666633599,1988.75,78
454,178,0.0833336636399622,-78.3227726746087,38.1854001303811,-77.990021,38.25379,16.75000033,16.66666666636,1988.66666633636,1988.75,268
455,456,0.0833333333299997,-78.5805960284315,38.9526554503927,-78.5750849975749,38.9526111173729,16.83333333299,16.74999999966,1988.74999966966,1988.83333300299,NA
356,357,0.5,-80.6138473647794,40.2779193023762,-81.120799092314,40.3674417873359,16.83333333333,16.33333333333,1988.33333300333,1988.83333300333,NA
506,507,1.583333333,-77.8697464293116,37.9388054004846,-77.8776588102677,37.9642591558782,16.83333333366,15.25000000066,1987.24999967066,1988.83333300366,NA
414,415,1.083333333,-77.8692931773248,37.379142044941,-77.8926820335348,37.311079700478,16.99999999866,15.91666666566,1987.91666633566,1988.99999966866,NA
351,352,4.25,-80.6107611707391,40.8217808937755,-80.490126246856,40.8388615301084,16.99999999933,12.74999999933,1984.74999966933,1988.99999966933,NA
295,19,7.33333366299996,-78.339759966449,37.8296526098642,-78.204222,38.256138,17.00000033,9.666666667,1981.666666337,1989,116
356,81,0.666666996669964,-80.6138473647794,40.2779193023762,-80.627436,39.923677,17.00000033,16.33333333333,1988.33333300333,1989,259
402,126,5.50000066300993,-79.5641222401917,38.8897462932279,-79.5076352229344,39.0671384222577,17.1666673299999,11.66666666699,1983.66666633699,1989.166667,163
307,33,2.33333399629992,-77.7785279398067,36.3711129792921,-77.703754,37.319045,17.1666673299999,14.8333333337,1986.8333330037,1989.166667,227
527,254,2.58333366263997,-77.4807976418078,38.2221660771636,-77.799317,38.258745,17.25000033,14.66666666736,1986.66666633736,1989.25,221
307,32,2.41666699629996,-77.7785279398067,36.3711129792921,-77.359708,36.21196,17.25000033,14.8333333337,1986.8333330037,1989.25,226
305,30,5.9166666633,-80.5084803291628,33.9995772904337,-82.466066,33.4772,17.33333333,11.4166666667,1983.4166663367,1989.333333,147
352,353,0.333333333300001,-80.490126246856,40.8388615301084,-80.0283286272582,40.7807037611147,17.33333333263,16.99999999933,1988.99999966933,1989.33333300263,NA
405,406,1.916666667,-80.0212287123091,38.184247874021,-80.7011714003853,38.1771836376794,17.41666666699,15.49999999999,1987.49999966999,1989.41666633699,NA
328,329,5.583333333,-78.0511249798317,37.5329834182894,-78.5763281845189,37.8502191036937,17.74999999933,12.16666666633,1984.16666633633,1989.74999966933,NA
535,536,1.333333333,-79.3299848459788,39.3563939835892,-79.1504576131305,39.3611650258288,17.75000000006,16.41666666706,1988.41666633706,1989.74999967006,NA
414,139,1.91666666434,-77.8692931773248,37.379142044941,-78.031036,37.501659,17.83333333,15.91666666566,1987.91666633566,1989.833333,247
424,149,1.83333333064,-78.478630034042,38.0516674290234,-78.5613869887935,37.8726754063534,17.83333333,15.99999999936,1987.99999966936,1989.833333,250
458,459,5.666666667,-79.0017392478264,39.9747546112472,-79.5348820463336,40.3315483480242,17.83333333333,12.16666666633,1984.16666633633,1989.83333300333,NA
506,232,2.66666732933992,-77.8697464293116,37.9388054004846,-77.38660017853,38.0679923059123,17.9166673299999,15.25000000066,1987.24999967066,1989.916667,232
456,181,1.08333399700992,-78.5750849975749,38.9526111173729,-78.9539563821872,38.9821183571208,17.9166673299999,16.83333333299,1988.83333300299,1989.916667,276
315,316,2.75,-78.3515966990086,38.149984533266,-78.1501082647928,39.4807960910926,18.0000000004,15.2500000004,1987.2499996704,1989.9999996704,NA
286,10,4.8333333306,-79.1116672674386,35.2117535930725,-78.661377,35.016879,18.08333333,13.2499999994,1985.2499996694,1990.083333,203
402,403,6.583333333,-79.5641222401917,38.8897462932279,-79.4409531385854,39.2014307235165,18.24999999999,11.66666666699,1983.66666633699,1990.24999966999,NA
482,487,1.916666667,-77.9474212855508,37.7251334902868,-77.9646742257051,38.1784970988913,18.41666666769,16.50000000069,1988.49999967069,1990.41666633769,NA
479,205,6.33333399600993,-77.9161762547721,37.779538437848,-78.9509370063536,38.2799092372364,18.4166673299999,12.08333333399,1984.08333300399,1990.416667,169
406,131,1.16666666301001,-80.7011714003853,38.1771836376794,-80.6281079135424,38.1680938776176,18.58333333,17.41666666699,1989.41666633699,1990.583333,284
429,430,3.166666667,-78.5689281082221,37.9482228604358,-78.8940101239341,38.2126198199664,18.58333333336,15.41666666636,1987.41666633636,1990.58333300336,NA
411,134,6.08333399733992,-78.2914595126339,37.8451850679548,-78.059012,36.928923,18.6666673299999,12.58333333266,1984.58333300266,1990.666667,186
445,168,2.25000066403992,-79.4603789117138,39.4247657433954,-79.6342675170903,39.4688718056907,18.6666673299999,16.41666666596,1988.41666633596,1990.666667,264
445,169,2.25000066403992,-79.4603789117138,39.4247657433954,-79.386995,39.420672,18.6666673299999,16.41666666596,1988.41666633596,1990.666667,265
536,263,0.916667329939926,-79.1504576131305,39.3611650258288,-78.487674,39.654231,18.6666673299999,17.75000000006,1989.74999967006,1990.666667,289
454,179,2.16666666364,-78.3227726746087,38.1854001303811,-78.3739687364045,38.055512534345,18.83333333,16.66666666636,1988.66666633636,1990.833333,269
353,78,1.58333399736992,-80.0283286272582,40.7807037611147,-79.825556,40.699137,18.9166673299999,17.33333333263,1989.33333300263,1990.916667,282
395,396,6.083333333,-80.2645706781907,38.4797029076958,-79.8857588385772,37.9890889881042,18.99999999969,12.91666666669,1984.91666633669,1990.99999966969,NA
411,135,6.41666699733996,-78.2914595126339,37.8451850679548,-78.388747,38.814677,19.00000033,12.58333333266,1984.58333300266,1991,187
360,371,3.083333333,-80.8906927897687,40.6774380099266,-80.9973791154136,40.828092050084,19.08333333233,15.99999999933,1987.99999966933,1991.08333300233,NA
349,350,9.666666667,-81.1493663347387,41.1430682361889,-80.6474084036125,40.5888284501496,19.08333333333,9.41666666633,1981.41666633633,1991.08333300333,NA
535,537,2.833333333,-79.3299848459788,39.3563939835892,-79.8756667603701,39.1137596071863,19.25000000006,16.41666666706,1988.41666633706,1991.24999967006,NA
403,128,1.00000033000996,-79.4409531385854,39.2014307235165,-79.3158926118679,39.2192568272886,19.25000033,18.24999999999,1990.24999966999,1991.25,295
396,397,0.416666666699999,-79.8857588385772,37.9890889881042,-79.9456291955049,37.9349378374378,19.41666666639,18.99999999969,1990.99999966969,1991.41666633639,NA
487,492,1.083333333,-77.9646742257051,38.1784970988913,-78.1905074899012,38.1704981300959,19.50000000069,18.41666666769,1990.41666633769,1991.49999967069,NA
361,365,3.25,-81.7562983324208,41.1982871486144,-83.2364456731283,40.8492950260578,19.66666666603,16.41666666603,1988.41666633603,1991.66666633603,NA
424,425,3.75,-78.478630034042,38.0516674290234,-77.9985166199757,38.3484407314702,19.74999999936,15.99999999936,1987.99999966936,1991.74999966936,NA
456,182,2.99999999701,-78.5750849975749,38.9526111173729,-78.8055494233374,38.6288037975525,19.83333333,16.83333333299,1988.83333300299,1991.833333,277
361,362,3.416666667,-81.7562983324208,41.1982871486144,-82.1192060238147,41.2588437478015,19.83333333303,16.41666666603,1988.41666633603,1991.83333300303,NA
357,358,3,-81.120799092314,40.3674417873359,-81.2332111265488,40.5492698307545,19.83333333333,16.83333333333,1988.83333300333,1991.83333300333,NA
405,130,4.41666733000993,-80.0212287123091,38.184247874021,-80.024607,38.423222,19.9166673299999,15.49999999999,1987.49999966999,1991.916667,241
403,127,1.66666733000993,-79.4409531385854,39.2014307235165,-79.325384135956,39.9779908225518,19.9166673299999,18.24999999999,1990.24999966999,1991.916667,294
350,76,0.833333996669928,-80.6474084036125,40.5888284501496,-80.692386,40.602775,19.9166673299999,19.08333333333,1991.08333300333,1991.916667,303
482,483,3.5,-77.9474212855508,37.7251334902868,-77.7336222341459,38.5795453088416,20.00000000069,16.50000000069,1988.49999967069,1991.99999967069,NA
362,86,0.249999996970001,-82.1192060238147,41.2588437478015,-82.207121,41.043131,20.08333333,19.83333333303,1991.83333300303,1992.083333,317
483,208,0.0833333293100011,-77.7336222341459,38.5795453088416,-77.7013995126775,38.6292999558773,20.08333333,20.00000000069,1991.99999967069,1992.083333,321
299,300,3.916666667,-78.501197954058,36.7273248473882,-77.7724613478145,36.6730625810862,20.0833333337,16.1666666667,1988.1666663367,1992.0833330037,NA
365,366,0.5,-83.2364456731283,40.8492950260578,-83.2349861233373,40.6791934287191,20.16666666603,19.66666666603,1991.66666633603,1992.16666633603,NA
358,83,0.333333996669925,-81.2332111265488,40.5492698307545,-81.551017,40.835064,20.1666673299999,19.83333333333,1991.83333300333,1992.166667,319
357,359,3.416666667,-81.120799092314,40.3674417873359,-81.0369467063144,40.3100323606342,20.25000000033,16.83333333333,1988.83333300333,1992.24999967033,NA
430,431,1.666666667,-78.8940101239341,38.2126198199664,-78.9447521366893,38.2703116086714,20.25000000036,18.58333333336,1990.58333300336,1992.24999967036,NA
431,156,3.2963996332569e-07,-78.9447521366893,38.2703116086714,-78.945143759326,38.2709621803893,20.25000033,20.25000000036,1992.24999967036,1992.25,331
365,90,0.666666663970002,-83.2364456731283,40.8492950260578,-83.306271,40.699077,20.33333333,19.66666666603,1991.66666633603,1992.333333,312
443,446,4.5,-79.6397119018713,39.1966836322497,-79.327237154166,39.1732495642028,20.33333333266,15.83333333266,1987.83333300266,1992.33333300266,NA
537,539,1.083333333,-79.8756667603701,39.1137596071863,-79.7693539218867,39.0495287258608,20.33333333306,19.25000000006,1991.24999967006,1992.33333300306,NA
537,538,1.166666667,-79.8756667603701,39.1137596071863,-79.5740222591194,39.2689797309121,20.41666666706,19.25000000006,1991.24999967006,1992.41666633706,NA
538,264,6.62939925177852e-07,-79.5740222591194,39.2689797309121,-79.5747187892314,39.268795191857,20.4166673299999,20.41666666706,1992.41666633706,1992.416667,336
359,84,0.250000329669962,-81.0369467063144,40.3100323606342,-81.1636766166056,39.9393146349233,20.50000033,20.25000000033,1992.24999967033,1992.5,328
298,23,7.9999999963,-78.6099251416243,36.6532400252334,-80.2382258118001,37.6774388386238,20.58333333,12.5833333337,1984.5833330037,1992.583333,182
487,488,2.166666667,-77.9646742257051,38.1784970988913,-79.0185326582312,38.7168649046593,20.58333333469,18.41666666769,1990.41666633769,1992.58333300469,NA
459,463,2.833333333,-79.5348820463336,40.3315483480242,-79.325351365225,39.9799887386547,20.66666666633,17.83333333333,1989.83333300333,1992.66666633633,NA
528,529,4.916666667,-79.6489082233204,39.548049996509,-79.4082451554379,39.6221988919095,20.66666666736,15.75000000036,1987.74999967036,1992.66666633736,NA
425,150,0.916667330639925,-77.9985166199757,38.3484407314702,-78.040724,38.444113,20.6666673299999,19.74999999936,1991.74999966936,1992.666667,315
396,398,1.75,-79.8857588385772,37.9890889881042,-77.7831373464055,38.7424281497293,20.74999999969,18.99999999969,1990.99999966969,1992.74999966969,NA
406,407,3.333333333,-80.7011714003853,38.1771836376794,-80.3393810358904,38.1985781427048,20.74999999999,17.41666666699,1989.41666633699,1992.74999966999,NA
446,448,0.583333333300001,-79.327237154166,39.1732495642028,-79.2348160624992,39.0207326517964,20.91666666596,20.33333333266,1992.33333300266,1992.91666633596,NA
332,333,5.5,-78.6307443865952,39.3548565594585,-78.3656805928926,39.1580885420559,20.91666666733,15.41666666733,1987.41666633733,1992.91666633733,NA
282,6,9.33333399689992,-78.9100378312379,36.0359432870764,-80.633342,36.098556,20.9166673299999,11.5833333331,1983.5833330031,1992.916667,159
358,82,1.08333399666992,-81.2332111265488,40.5492698307545,-81.204241,40.637872,20.9166673299999,19.83333333333,1991.83333300333,1992.916667,318
448,172,6.6403992349251e-07,-79.2348160624992,39.0207326517964,-79.2349117224619,39.0210423832475,20.9166673299999,20.91666666596,1992.91666633596,1992.916667,350
463,467,0.333333333300001,-79.325351365225,39.9799887386547,-79.4376418407436,40.0235666304992,20.99999999963,20.66666666633,1992.66666633633,1992.99999966963,NA
397,121,1.66666666361001,-79.9456291955049,37.9349378374378,-78.863735,37.1361,21.08333333,19.41666666639,1991.41666633639,1993.083333,309
446,447,0.75,-79.327237154166,39.1732495642028,-79.6100185006229,39.7281147067454,21.08333333266,20.33333333266,1992.33333300266,1993.08333300266,NA
463,464,0.5,-79.325351365225,39.9799887386547,-79.3484712328788,39.9219996262538,21.16666666633,20.66666666633,1992.66666633633,1993.16666633633,NA
529,530,0.5,-79.4082451554379,39.6221988919095,-79.286310041486,39.4331133371364,21.16666666736,20.66666666736,1992.66666633736,1993.16666633736,NA
539,266,0.833333996939928,-79.7693539218867,39.0495287258608,-79.8848966413436,39.7058783921903,21.1666673299999,20.33333333306,1992.33333300306,1993.166667,334
488,490,0.666666666699999,-79.0185326582312,38.7168649046593,-79.0346265393153,38.8443404704825,21.25000000139,20.58333333469,1992.58333300469,1993.24999967139,NA
397,120,1.83333366360997,-79.9456291955049,37.9349378374378,-79.878698,38.008754,21.25000033,19.41666666639,1991.41666633639,1993.25,308
333,334,0.583333333300001,-78.3656805928926,39.1580885420559,-78.448447072315,39.2810365598916,21.50000000063,20.91666666733,1992.91666633733,1993.49999967063,NA
333,336,0.583333333300001,-78.3656805928926,39.1580885420559,-78.4241944525486,39.1903014259737,21.50000000063,20.91666666733,1992.91666633733,1993.49999967063,NA
483,484,1.5,-77.7336222341459,38.5795453088416,-79.05612141493,38.8519090394028,21.50000000069,20.00000000069,1991.99999967069,1993.49999967069,NA
393,116,8.00000033000996,-80.4155014240758,38.2965552246162,-82.302453,37.87175,21.50000033,13.49999999999,1985.49999966999,1993.5,210
455,180,4.75000033033996,-78.5805960284315,38.9526554503927,-78.110884,38.635298,21.50000033,16.74999999966,1988.74999966966,1993.5,270
352,77,4.50000033066996,-80.490126246856,40.8388615301084,-80.957701,41.523328,21.50000033,16.99999999933,1988.99999966933,1993.5,278
415,140,4.66666733133993,-77.8926820335348,37.311079700478,-77.9808130740119,37.2991054639369,21.6666673299999,16.99999999866,1988.99999966866,1993.666667,281
536,262,3.91666732993993,-79.1504576131305,39.3611650258288,-78.2719369865617,38.4484794073725,21.6666673299999,17.75000000006,1989.74999967006,1993.666667,288
366,367,1.583333333,-83.2349861233373,40.6791934287191,-83.0438322753336,39.6057278293622,21.74999999903,20.16666666603,1992.16666633603,1993.74999966903,NA
366,91,1.58333366396996,-83.2349861233373,40.6791934287191,-82.997629,40.704068,21.75000033,20.16666666603,1992.16666633603,1993.75,326
359,85,1.50000032966996,-81.0369467063144,40.3100323606342,-81.518602,40.122525,21.75000033,20.25000000033,1992.24999967033,1993.75,329
492,218,2.33333332931,-78.1905074899012,38.1704981300959,-78.503513,38.457789,21.83333333,19.50000000069,1991.49999967069,1993.833333,311
507,508,5,-77.8776588102677,37.9642591558782,-77.3853367587596,36.4640762605946,21.83333333366,16.83333333366,1988.83333300366,1993.83333300366,NA
425,426,2.166666667,-77.9985166199757,38.3484407314702,-77.9951408236527,38.2721882702423,21.91666666636,19.74999999936,1991.74999966936,1993.91666633636,NA
334,335,0.416666666699999,-78.448447072315,39.2810365598916,-78.4031509781437,39.4681433848232,21.91666666733,21.50000000063,1993.49999967063,1993.91666633733,NA
335,60,6.62669926043691e-07,-78.4031509781437,39.4681433848232,-78.4038004707871,39.4671901778664,21.9166673299999,21.91666666733,1993.91666633733,1993.916667,376
281,5,10.5833336636,-78.9904583055362,36.0126611697035,-79.197022,35.393531,22.00000033,11.4166666664,1983.4166663364,1994,149
407,133,1.25000033000997,-80.3393810358904,38.1985781427048,-80.6266125343534,38.1640686855581,22.00000033,20.74999999999,1992.74999966999,1994,345
336,62,0.500000329369964,-78.4241944525486,39.1903014259737,-78.493582,39.127069,22.00000033,21.50000000063,1993.49999967063,1994,366
492,493,2.666666667,-78.1905074899012,38.1704981300959,-78.3244649257717,38.0595148190562,22.16666666769,19.50000000069,1991.49999967069,1994.16666633769,NA
329,55,4.50000033066997,-78.5763281845189,37.8502191036937,-78.227532,37.488717,22.25000033,17.74999999933,1989.74999966933,1994.25,287
426,151,0.333333663639962,-77.9951408236527,38.2721882702423,-77.322465,36.370867,22.25000033,21.91666666636,1993.91666633636,1994.25,375
336,337,0.916666666699999,-78.4241944525486,39.1903014259737,-78.6692408446032,39.1344090235495,22.41666666733,21.50000000063,1993.49999967063,1994.41666633733,NA
334,59,0.916667329369926,-78.448447072315,39.2810365598916,-79.015768,39.731152,22.4166673299999,21.50000000063,1993.49999967063,1994.416667,368
508,510,0.666666666699999,-77.3853367587596,36.4640762605946,-77.8027211859874,36.413629924563,22.50000000036,21.83333333366,1993.83333300366,1994.49999967036,NA
447,171,1.41666699733996,-79.6100185006229,39.7281147067454,-79.503754,39.821755,22.50000033,21.08333333266,1993.08333300266,1994.5,355
464,465,1.583333333,-79.3484712328788,39.9219996262538,-79.3334893956327,39.9445654893275,22.74999999933,21.16666666633,1993.16666633633,1994.74999966933,NA
430,433,4.166666667,-78.8940101239341,38.2126198199664,-79.0247461192045,38.2864574489011,22.75000000036,18.58333333336,1990.58333300336,1994.74999967036,NA
371,374,3.75,-80.9973791154136,40.828092050084,-82.8572254374529,40.0187993671246,22.83333333233,19.08333333233,1991.08333300233,1994.83333300233,NA
431,432,2.583333333,-78.9447521366893,38.2703116086714,-78.837432092036,38.3735844058525,22.83333333336,20.25000000036,1992.24999967036,1994.83333300336,NA
493,494,0.666666666699999,-78.3244649257717,38.0595148190562,-78.1900092745116,38.0463239304934,22.83333333439,22.16666666769,1994.16666633769,1994.83333300439,NA
433,434,0.166666666699999,-79.0247461192045,38.2864574489011,-78.9482458451313,38.1797135209654,22.91666666706,22.75000000036,1994.74999967036,1994.91666633706,NA
316,317,4.916666667,-78.1501082647928,39.4807960910926,-76.4187009703016,39.1618385550746,22.9166666674,18.0000000004,1989.9999996704,1994.9166663374,NA
407,132,2.16666733000993,-80.3393810358904,38.1985781427048,-80.459774,38.326934,22.9166673299999,20.74999999999,1992.74999966999,1994.916667,344
494,220,0.083333995609923,-78.1900092745116,38.0463239304934,-78.148498,38.06376,22.9166673299999,22.83333333439,1994.83333300439,1994.916667,395
374,375,0.166666666699999,-82.8572254374529,40.0187993671246,-82.9863797745623,40.1229862721797,22.99999999903,22.83333333233,1994.83333300233,1994.99999966903,NA
337,338,0.583333333300001,-78.6692408446032,39.1344090235495,-79.2027638436447,38.6523483756405,23.00000000063,22.41666666733,1994.41666633733,1994.99999967063,NA
432,157,0.249999996640003,-78.837432092036,38.3735844058525,-78.6243355084033,38.0620359475782,23.08333333,22.83333333336,1994.83333300336,1995.083333,392
353,354,5.75,-80.0283286272582,40.7807037611147,-80.3012909291026,41.6760956939266,23.08333333263,17.33333333263,1989.33333300263,1995.08333300263,NA
488,489,2.5,-79.0185326582312,38.7168649046593,-79.1259355006742,38.8200986701167,23.08333333469,20.58333333469,1992.58333300469,1995.08333300469,NA
459,460,5.333333333,-79.5348820463336,40.3315483480242,-81.0675420957096,39.8611529027678,23.16666666633,17.83333333333,1989.83333300333,1995.16666633633,NA
448,449,2.333333333,-79.2348160624992,39.0207326517964,-78.572049290263,38.6792274078678,23.24999999896,20.91666666596,1992.91666633596,1995.24999966896,NA
530,531,2.083333333,-79.286310041486,39.4331133371364,-79.1736721432734,39.5037787991208,23.25000000036,21.16666666736,1993.16666633736,1995.24999967036,NA
531,256,0.0833333296400056,-79.1736721432734,39.5037787991208,-79.1267117340169,39.370103240909,23.33333333,23.25000000036,1995.24999967036,1995.333333,412
465,466,0.666666666699999,-79.3334893956327,39.9445654893275,-79.7490380133161,39.8603148819334,23.41666666603,22.74999999933,1994.74999966933,1995.41666633603,NA
460,461,0.25,-81.0675420957096,39.8611529027678,-80.9909792537814,39.865660963748,23.41666666633,23.16666666633,1995.16666633633,1995.41666633633,NA
467,468,2.416666667,-79.4376418407436,40.0235666304992,-79.3910018982412,40.3199523347433,23.41666666663,20.99999999963,1992.99999966963,1995.41666633663,NA
538,265,3.00000066293993,-79.5740222591194,39.2689797309121,-79.455734,39.621646,23.4166673299999,20.41666666706,1992.41666633706,1995.416667,337
338,64,0.416667329369926,-79.2027638436447,38.6523483756405,-79.2399181286631,39.0202956946387,23.4166673299999,23.00000000063,1994.99999967063,1995.416667,400
468,194,6.63369924325252e-07,-79.3910018982412,40.3199523347433,-79.3911328673831,40.3199247974541,23.4166673299999,23.41666666663,1995.41666633663,1995.416667,414
493,495,1.333333333,-78.3244649257717,38.0595148190562,-78.5520227490989,38.0719547208699,23.50000000069,22.16666666769,1994.16666633769,1995.49999967069,NA
449,173,0.250000331039963,-78.572049290263,38.6792274078678,-78.556352,38.63801,23.50000033,23.24999999896,1995.24999966896,1995.5,410
314,40,10.4999999966,-78.373877459351,38.1512489569641,-79.1626991019932,38.8315803563972,23.58333333,13.0833333334,1985.0833330034,1995.583333,198
317,42,0.666666662600001,-76.4187009703016,39.1618385550746,-76.5690744264003,39.1520924938581,23.58333333,22.9166666674,1994.9166663374,1995.583333,397
510,511,1.083333333,-77.8027211859874,36.413629924563,-77.5657585957918,36.4416788382878,23.58333333336,22.50000000036,1994.49999967036,1995.58333300336,NA
484,485,2.083333333,-79.05612141493,38.8519090394028,-79.113111444407,38.8555604135745,23.58333333369,21.50000000069,1993.49999967069,1995.58333300369,NA
530,532,2.5,-79.286310041486,39.4331133371364,-79.710421043138,39.1071285126334,23.66666666736,21.16666666736,1993.16666633736,1995.66666633736,NA
495,496,0.166666666699999,-78.5520227490989,38.0719547208699,-78.4858647529805,38.079085490777,23.66666666739,23.50000000069,1995.49999967069,1995.66666633739,NA
398,123,2.91666733030993,-77.7831373464055,38.7424281497293,-79.2870642799614,38.4923252532305,23.6666673299999,20.74999999969,1992.74999966969,1995.666667,347
495,499,0.25,-78.5520227490989,38.0719547208699,-78.7319172433627,38.2563369504213,23.75000000069,23.50000000069,1995.49999967069,1995.74999967069,NA
466,191,0.333333663969967,-79.7490380133161,39.8603148819334,-80.064662,39.723634,23.75000033,23.41666666603,1995.41666633603,1995.75,416
499,500,0.0833333333299997,-78.7319172433627,38.2563369504213,-77.5911530045319,37.2339653585063,23.83333333402,23.75000000069,1995.74999967069,1995.83333300402,NA
468,469,0.5,-79.3910018982412,40.3199523347433,-79.3289640723096,40.3061969244978,23.91666666663,23.41666666663,1995.41666633663,1995.91666633663,NA
461,186,0.583333663669965,-80.9909792537814,39.865660963748,-80.438894,39.913587,24.00000033,23.41666666633,1995.41666633633,1996,418
432,158,1.24999999664,-78.837432092036,38.3735844058525,-79.3663012069456,38.6845596951051,24.08333333,22.83333333336,1994.83333300336,1996.083333,393
485,210,0.499999996310002,-79.113111444407,38.8555604135745,-79.162087413862,38.8351666228088,24.08333333,23.58333333369,1995.58333300369,1996.083333,423
511,514,0.5,-77.5657585957918,36.4416788382878,-77.5466691835113,36.4569214335715,24.08333333336,23.58333333336,1995.58333300336,1996.08333300336,NA
461,462,0.75,-80.9909792537814,39.865660963748,-81.0520045961814,39.8865716657577,24.16666666633,23.41666666633,1995.41666633633,1996.16666633633,NA
532,533,0.5,-79.710421043138,39.1071285126334,-81.0259052908324,39.1251683844601,24.16666666736,23.66666666736,1995.66666633736,1996.16666633736,NA
489,214,1.08333399530992,-79.1259355006742,38.8200986701167,-79.1566690400689,38.8279249303634,24.1666673299999,23.08333333469,1995.08333300469,1996.166667,407
466,192,0.750000663969928,-79.7490380133161,39.8603148819334,-79.6359906072827,39.4720540960869,24.1666673299999,23.41666666603,1995.41666633603,1996.166667,417
496,497,0.583333333300001,-78.4858647529805,38.079085490777,-76.9923421604915,38.5049401875589,24.25000000069,23.66666666739,1995.66666633739,1996.24999967069,NA
464,189,3.16666666367,-79.3484712328788,39.9219996262538,-79.3179573884119,39.9760074906816,24.33333333,21.16666666633,1993.16666633633,1996.333333,358
375,101,1.33333333097,-82.9863797745623,40.1229862721797,-83.582999,39.637479,24.33333333,22.99999999903,1994.99999966903,1996.333333,403
449,174,1.08333333104,-78.572049290263,38.6792274078678,-78.607118,38.806824,24.33333333,23.24999999896,1995.24999966896,1996.333333,411
375,376,1.416666667,-82.9863797745623,40.1229862721797,-83.0044839100055,40.2617906310995,24.41666666603,22.99999999903,1994.99999966903,1996.41666633603,NA
465,190,1.66666733066993,-79.3334893956327,39.9445654893275,-79.798065,40.52478,24.4166673299999,22.74999999933,1994.74999966933,1996.416667,389
354,79,1.33333399736992,-80.3012909291026,41.6760956939266,-80.3059,41.688912,24.4166673299999,23.08333333263,1995.08333300263,1996.416667,404
499,225,0.666667329309924,-78.7319172433627,38.2563369504213,-77.884491,39.110786,24.4166673299999,23.75000000069,1995.74999967069,1996.416667,430
376,377,0.0833333333299997,-83.0044839100055,40.2617906310995,-82.9527006441578,40.3213120333274,24.49999999936,24.41666666603,1996.41666633603,1996.49999966936,NA
529,255,3.83333366263997,-79.4082451554379,39.6221988919095,-79.6821365697373,39.6687044400757,24.50000033,20.66666666736,1992.66666633736,1996.5,340
338,65,1.50000032936996,-79.2027638436447,38.6523483756405,-79.771383,39.118017,24.50000033,23.00000000063,1994.99999967063,1996.5,401
490,215,3.33333332861,-79.0346265393153,38.8443404704825,-78.849203,39.33006,24.58333333,21.25000000139,1993.24999967139,1996.583333,363
497,222,0.333333329310001,-76.9923421604915,38.5049401875589,-77.008209,38.563247,24.58333333,24.25000000069,1996.24999967069,1996.583333,442
415,416,7.583333333,-77.8926820335348,37.311079700478,-79.1757052252423,36.8022493856095,24.58333333166,16.99999999866,1988.99999966866,1996.58333300166,NA
371,372,5.5,-80.9973791154136,40.828092050084,-80.9982292171587,40.8205437817742,24.58333333233,19.08333333233,1991.08333300233,1996.58333300233,NA
539,540,4.25,-79.7693539218867,39.0495287258608,-79.0798439094916,39.0549774853656,24.58333333306,20.33333333306,1992.33333300306,1996.58333300306,NA
508,509,2.75,-77.3853367587596,36.4640762605946,-77.2717422686338,36.3052707946695,24.58333333366,21.83333333366,1993.83333300366,1996.58333300366,NA
540,267,0.0833339969399276,-79.0798439094916,39.0549774853656,-78.95718437973,38.9872736479278,24.6666673299999,24.58333333306,1996.58333300306,1996.666667,452
509,235,0.166666996339963,-77.2717422686338,36.3052707946695,-77.238773,36.373706,24.75000033,24.58333333366,1996.58333300366,1996.75,455
337,63,2.41666666267,-78.6692408446032,39.1344090235495,-79.5114771255026,39.0664959688847,24.83333333,22.41666666733,1994.41666633733,1996.833333,381
416,141,0.249999998340005,-79.1757052252423,36.8022493856095,-79.216335,36.800293,24.83333333,24.58333333166,1996.58333300166,1996.833333,449
332,58,9.50000066266993,-78.6307443865952,39.3548565594585,-79.44872,40.661756,24.9166673299999,15.41666666733,1987.41666633733,1996.916667,236
354,80,1.83333399736992,-80.3012909291026,41.6760956939266,-80.31702,41.886677,24.9166673299999,23.08333333263,1995.08333300263,1996.916667,405
377,378,0.666666666699999,-82.9527006441578,40.3213120333274,-83.0645980814121,40.2257272604127,25.16666666606,24.49999999936,1996.49999966936,1997.16666633606,NA
377,379,0.75,-82.9527006441578,40.3213120333274,-82.894433822127,39.3310592113128,25.24999999936,24.49999999936,1996.49999966936,1997.24999966936,NA
317,318,2.416666667,-76.4187009703016,39.1618385550746,-77.026972235287,39.655414474526,25.3333333344,22.9166666674,1994.9166663374,1997.3333330044,NA
500,501,1.583333333,-77.5911530045319,37.2339653585063,-77.923210194094,37.4413968640196,25.41666666702,23.83333333402,1995.83333300402,1997.41666633702,NA
507,233,8.66666699633996,-77.8776588102677,37.9642591558782,-77.8786915081549,37.6938299150542,25.50000033,16.83333333366,1988.83333300366,1997.5,384
460,185,2.41666666367,-81.0675420957096,39.8611529027678,-81.1563311236716,39.938280241671,25.58333333,23.16666666633,1995.16666633633,1997.583333,408
514,516,1.5,-77.5466691835113,36.4569214335715,-77.2648937968258,38.4703869660945,25.58333333336,24.08333333336,1996.08333300336,1997.58333300336,NA
416,417,1.083333333,-79.1757052252423,36.8022493856095,-79.6344503899374,37.2202948251446,25.66666666466,24.58333333166,1996.58333300166,1997.66666633466,NA
367,92,3.91666733096993,-83.0438322753336,39.6057278293622,-83.264407,39.634579,25.6666673299999,21.74999999903,1993.74999966903,1997.666667,370
531,257,2.41666732963993,-79.1736721432734,39.5037787991208,-79.3934448624995,40.3142942804702,25.6666673299999,23.25000000036,1995.24999967036,1997.666667,413
426,427,3.833333333,-77.9951408236527,38.2721882702423,-77.1738406846779,38.1667382083212,25.74999999936,21.91666666636,1993.91666633636,1997.74999966936,NA
376,380,1.583333333,-83.0044839100055,40.2617906310995,-83.5330524990863,40.735993854929,25.99999999903,24.41666666603,1996.41666633603,1997.99999966903,NA
540,541,1.416666667,-79.0798439094916,39.0549774853656,-78.8741672652578,39.0909313112861,26.00000000006,24.58333333306,1996.58333300306,1997.99999967006,NA
516,518,0.416666666699999,-77.2648937968258,38.4703869660945,-77.3661039382285,38.4974121086956,26.00000000006,25.58333333336,1997.58333300336,1997.99999967006,NA
300,301,5.916666667,-77.7724613478145,36.6730625810862,-80.2602939278537,36.569613874487,26.0000000007,20.0833333337,1992.0833330037,1997.9999996707,NA
462,187,1.83333366366996,-81.0520045961814,39.8865716657577,-81.364616,40.466459,26.00000033,24.16666666633,1996.16666633633,1998,438
393,394,12.58333333,-80.4155014240758,38.2965552246162,-82.1954462309238,39.1296867408518,26.08333332999,13.49999999999,1985.49999966999,1998.08333299999,NA
509,234,1.49999999634,-77.2717422686338,36.3052707946695,-77.342698,35.637173,26.08333333,24.58333333366,1996.58333300366,1998.083333,454
447,170,5.08333399733992,-79.6100185006229,39.7281147067454,-77.8822338834344,37.6894545070645,26.1666673299999,21.08333333266,1993.08333300266,1998.166667,354
427,152,0.416667330639925,-77.1738406846779,38.1667382083212,-76.982095,38.221196,26.1666673299999,25.74999999936,1997.74999966936,1998.166667,470
372,373,1.666666667,-80.9982292171587,40.8205437817742,-80.7876853763675,40.6467884673353,26.24999999933,24.58333333233,1996.58333300233,1998.24999966933,NA
469,471,2.333333333,-79.3289640723096,40.3061969244978,-79.291231084834,40.3134226035327,26.24999999963,23.91666666663,1995.91666633663,1998.24999966963,NA
362,363,6.5,-82.1192060238147,41.2588437478015,-83.0775526207025,40.3598799548739,26.33333333303,19.83333333303,1991.83333300303,1998.33333300303,NA
541,543,0.333333333300001,-78.8741672652578,39.0909313112861,-78.8819932777202,39.091600097139,26.33333333336,26.00000000006,1997.99999967006,1998.33333300336,NA
484,486,4.916666667,-79.05612141493,38.8519090394028,-79.7343246487072,38.0639382764894,26.41666666769,21.50000000069,1993.49999967069,1998.41666633769,NA
433,159,3.66666732963992,-79.0247461192045,38.2864574489011,-79.021046,37.708675,26.4166673299999,22.75000000036,1994.74999967036,1998.416667,386
394,118,0.333334000009927,-82.1954462309238,39.1296867408518,-82.1331418513888,39.1419767362814,26.4166673299999,26.08333332999,1998.08333299999,1998.416667,483
363,87,0.0833339969699232,-83.0775526207025,40.3598799548739,-82.984787,40.325547,26.4166673299999,26.33333333303,1998.33333300303,1998.416667,490
417,142,0.833333665339968,-79.6344503899374,37.2202948251446,-80.163536,37.45992,26.50000033,25.66666666466,1997.66666633466,1998.5,468
467,193,5.58333333037,-79.4376418407436,40.0235666304992,-78.571232,39.300834,26.58333333,20.99999999963,1992.99999966963,1998.583333,352
380,381,0.583333333300001,-83.5330524990863,40.735993854929,-83.671900573285,40.7183013683501,26.58333333233,25.99999999903,1997.99999966903,1998.58333300233,NA
301,302,0.666666666699999,-80.2602939278537,36.569613874487,-80.2090422947802,36.1791688197513,26.6666666674,26.0000000007,1997.9999996707,1998.6666663374,NA
350,75,7.66666699666997,-80.6474084036125,40.5888284501496,-80.653687,40.262102,26.75000033,19.08333333333,1991.08333300333,1998.75,302
363,364,0.5,-83.0775526207025,40.3598799548739,-83.4939979567496,40.8786685070895,26.83333333303,26.33333333303,1998.33333300303,1998.83333300303,NA
518,519,0.833333333300001,-77.3661039382285,38.4974121086956,-77.4680595391542,37.8910480859686,26.83333333336,26.00000000006,1997.99999967006,1998.83333300336,NA
367,368,5.166666667,-83.0438322753336,39.6057278293622,-82.0338485637662,39.0816070330486,26.91666666603,21.74999999903,1993.74999966903,1998.91666633603,NA
511,512,3.333333333,-77.5657585957918,36.4416788382878,-77.5930880428479,36.435906215916,26.91666666636,23.58333333336,1995.58333300336,1998.91666633636,NA
301,26,0.916667329299923,-80.2602939278537,36.569613874487,-80.033399,36.443777,26.9166673299999,26.0000000007,1997.9999996707,1998.916667,474
364,88,0.0833339969699232,-83.4939979567496,40.8786685070895,-83.450252,40.87181,26.9166673299999,26.83333333303,1998.83333300303,1998.916667,504
497,498,2.75,-76.9923421604915,38.5049401875589,-76.0046193571109,39.2398892850404,27.00000000069,24.25000000069,1996.24999967069,1998.99999967069,NA
485,209,3.41666699630996,-79.113111444407,38.8555604135745,-78.4330899835752,38.9739981391659,27.00000033,23.58333333369,1995.58333300369,1999,422
318,44,1.7499999956,-77.026972235287,39.655414474526,-76.6097843364048,39.6457604432908,27.08333333,25.3333333344,1997.3333330044,1999.083333,463
302,27,0.416666662600001,-80.2090422947802,36.1791688197513,-80.208153,36.259326,27.08333333,26.6666666674,1998.6666663374,1999.083333,500
519,521,0.333333333300001,-77.4680595391542,37.8910480859686,-77.4839294360574,37.985102072625,27.16666666666,26.83333333336,1998.83333300336,1999.16666633666,NA
417,143,1.50000066533993,-79.6344503899374,37.2202948251446,-79.934388,36.828875,27.1666673299999,25.66666666466,1997.66666633466,1999.166667,473
394,117,1.08333400000993,-82.1954462309238,39.1296867408518,-82.1299820544087,39.1403930951044,27.1666673299999,26.08333332999,1998.08333299999,1999.166667,482
543,544,0.916666666699999,-78.8819932777202,39.091600097139,-78.9165108884879,38.8457437515569,27.25000000006,26.33333333336,1998.33333300336,1999.24999967006,NA
302,28,0.666666662600001,-80.2090422947802,36.1791688197513,-80.109479,36.651241,27.33333333,26.6666666674,1998.6666663374,1999.333333,501
316,319,9.333333333,-78.1501082647928,39.4807960910926,-77.9258352492429,39.355865477698,27.3333333334,18.0000000004,1989.9999996704,1999.3333330034,NA
469,470,3.416666667,-79.3289640723096,40.3061969244978,-79.2510917956128,40.1159412640137,27.33333333363,23.91666666663,1995.91666633663,1999.33333300363,NA
541,542,1.416666667,-78.8741672652578,39.0909313112861,-78.5943288678451,38.947192411341,27.41666666706,26.00000000006,1997.99999967006,1999.41666633706,NA
329,54,9.66666733066993,-78.5763281845189,37.8502191036937,-80.2432901216877,37.678035529097,27.4166673299999,17.74999999933,1989.74999966933,1999.416667,286
532,258,3.75000066263993,-79.710421043138,39.1071285126334,-78.403172583743,39.4685347706447,27.4166673299999,23.66666666736,1995.66666633736,1999.416667,427
494,219,4.74999999561,-78.1900092745116,38.0463239304934,-77.536551,37.170956,27.58333333,22.83333333439,1994.83333300439,1999.583333,394
543,270,1.24999999664,-78.8819932777202,39.091600097139,-78.377329985251,38.0561654804627,27.58333333,26.33333333336,1998.33333300336,1999.583333,492
544,545,0.333333333300001,-78.9165108884879,38.8457437515569,-78.7854683137696,38.8192321171627,27.58333333336,27.25000000006,1999.24999967006,1999.58333300336,NA
514,515,3.666666667,-77.5466691835113,36.4569214335715,-77.6180088368081,36.462406081787,27.75000000036,24.08333333336,1996.08333300336,1999.74999967036,NA
378,102,2.66666666394,-83.0645980814121,40.2257272604127,-82.964969,39.795657,27.83333333,25.16666666606,1997.16666633606,1999.833333,458
545,273,0.249999996640003,-78.7854683137696,38.8192321171627,-78.8690304228479,38.8015954356968,27.83333333,27.58333333336,1999.58333300336,1999.833333,529
319,320,0.5,-77.9258352492429,39.355865477698,-77.8490709954619,39.3488554632445,27.8333333334,27.3333333334,1999.3333330034,1999.8333330034,NA
498,224,0.916667329309924,-76.0046193571109,39.2398892850404,-76.082724,39.283601,27.9166673299999,27.00000000069,1998.99999967069,1999.916667,511
489,213,4.91666699530996,-79.1259355006742,38.8200986701167,-79.6842889463884,39.6717443492954,28.00000033,23.08333333469,1995.08333300469,2000,406
542,268,0.666666662940003,-78.5943288678451,38.947192411341,-78.677825,38.968649,28.08333333,27.41666666706,1999.41666633706,2000.083333,524
501,502,2.666666667,-77.923210194094,37.4413968640196,-77.455011768418,37.3253720841035,28.08333333402,25.41666666702,1997.41666633702,2000.08333300402,NA
368,369,1.25,-82.0338485637662,39.0816070330486,-81.9922658049042,39.4170068378406,28.16666666603,26.91666666603,1998.91666633603,2000.16666633603,NA
300,25,8.16666699629996,-77.7724613478145,36.6730625810862,-78.4375142779833,36.7739793154794,28.25000033,20.0833333337,1992.0833330037,2000.25,323
380,382,2.333333333,-83.5330524990863,40.735993854929,-82.8444186213811,40.5951047467521,28.33333333203,25.99999999903,1997.99999966903,2000.33333300203,NA
320,321,0.583333333300001,-77.8490709954619,39.3488554632445,-77.9417233655838,39.317583344924,28.4166666667,27.8333333334,1999.8333330034,2000.4166663367,NA
364,89,1.58333399696992,-83.4939979567496,40.8786685070895,-83.91043,40.694973,28.4166673299999,26.83333333303,1998.83333300303,2000.416667,505
498,223,1.41666732930992,-76.0046193571109,39.2398892850404,-75.831633,39.432566,28.4166673299999,27.00000000069,1998.99999967069,2000.416667,510
544,271,1.25000032993997,-78.9165108884879,38.8457437515569,-78.9508371222525,38.9847418009406,28.50000033,27.25000000006,1999.24999967006,2000.5,516
502,229,0.416666995979963,-77.455011768418,37.3253720841035,-77.307292,37.352932,28.50000033,28.08333333402,2000.08333300402,2000.5,537
369,370,0.5,-81.9922658049042,39.4170068378406,-81.9564017195411,39.4014836221408,28.66666666603,28.16666666603,2000.16666633603,2000.66666633603,NA
512,513,1.75,-77.5930880428479,36.435906215916,-77.3100046889077,36.2430527179853,28.66666666636,26.91666666636,1998.91666633636,2000.66666633636,NA
370,95,0.0833336639699631,-81.9564017195411,39.4014836221408,-81.987858,39.618764,28.75000033,28.66666666603,2000.66666633603,2000.75,552
471,472,2.583333333,-79.291231084834,40.3134226035327,-80.3732755245186,39.3726559167614,28.83333333263,26.24999999963,1998.24999966963,2000.83333300263,NA
321,322,0.416666666699999,-77.9417233655838,39.317583344924,-77.6779794964407,39.9209284004617,28.8333333334,28.4166666667,2000.4166663367,2000.8333330034,NA
490,491,7.666666667,-79.0346265393153,38.8443404704825,-79.0143530191559,38.4618172348596,28.91666666839,21.25000000139,1993.24999967139,2000.91666633839,NA
381,106,2.33333399766992,-83.671900573285,40.7183013683501,-83.449593,40.517914,28.9166673299999,26.58333333233,1998.58333300233,2000.916667,496
491,216,6.61609920626915e-07,-79.0143530191559,38.4618172348596,-79.014485,38.461694,28.9166673299999,28.91666666839,2000.91666633839,2000.916667,558
521,522,1.833333333,-77.4839294360574,37.985102072625,-77.5981993849441,38.2036270591184,28.99999999966,27.16666666666,1999.16666633666,2000.99999966966,NA
533,534,4.833333333,-81.0259052908324,39.1251683844601,-80.8884127697956,38.8513943358854,29.00000000036,24.16666666736,1996.16666633736,2000.99999967036,NA
512,237,2.08333366363997,-77.5930880428479,36.435906215916,-78.755473,36.294597,29.00000033,26.91666666636,1998.91666633636,2001,508
378,103,3.91666666394,-83.0645980814121,40.2257272604127,-81.068929,40.991113,29.08333333,25.16666666606,1997.16666633606,2001.083333,459
368,93,2.16666666397,-82.0338485637662,39.0816070330486,-81.973301,39.137508,29.08333333,26.91666666603,1998.91666633603,2001.083333,506
373,98,2.91666733066992,-80.7876853763675,40.6467884673353,-80.494602,40.417733,29.1666673299999,26.24999999933,1998.24999966933,2001.166667,527
434,160,6.33333366293996,-78.9482458451313,38.1797135209654,-78.914599,35.908358,29.25000033,22.91666666706,1994.91666633706,2001.25,398
379,104,4.00000033063996,-82.894433822127,39.3310592113128,-82.613032,38.834429,29.25000033,25.24999999936,1997.24999966936,2001.25,460
510,236,6.83333332964,-77.8027211859874,36.413629924563,-78.24283,36.164958,29.33333333,22.50000000036,1994.49999967036,2001.333333,382
382,383,1,-82.8444186213811,40.5951047467521,-83.1886269035604,40.7273271473725,29.33333333203,28.33333333203,2000.33333300203,2001.33333300203,NA
519,520,2.583333333,-77.4680595391542,37.8910480859686,-77.1128667273244,39.9152695015939,29.41666666636,26.83333333336,1998.83333300336,2001.41666633636,NA
486,211,3.16666666231,-79.7343246487072,38.0639382764894,-79.689165,38.171202,29.58333333,26.41666666769,1998.41666633769,2001.583333,494
513,239,1.00000066363993,-77.3100046889077,36.2430527179853,-77.490624,36.053038,29.6666673299999,28.66666666636,2000.66666633636,2001.666667,551
520,245,0.333333663639966,-77.1128667273244,39.9152695015939,-76.796359,40.001947,29.75000033,29.41666666636,2001.41666633636,2001.75,572
398,122,9.08333333031,-77.7831373464055,38.7424281497293,-77.766627,38.798337,29.83333333,20.74999999969,1992.74999966969,2001.833333,499
515,240,2.08333332964,-77.6180088368081,36.462406081787,-78.966039,34.564099,29.83333333,27.75000000036,1999.74999967036,2001.833333,532
322,48,1.08333399659993,-77.6779794964407,39.9209284004617,-77.178812,39.709407,29.9166673299999,28.8333333334,2000.8333330034,2001.916667,556
534,260,0.916667329639928,-80.8884127697956,38.8513943358854,-80.965987,39.261013,29.9166673299999,29.00000000036,2000.99999967036,2001.916667,564
320,46,2.16666699659996,-77.8490709954619,39.3488554632445,-77.923028,39.260487,30.00000033,27.8333333334,1999.8333330034,2002,535
501,227,4.66666666298,-77.923210194094,37.4413968640196,-77.545247,37.680902,30.08333333,25.41666666702,1997.41666633702,2002.083333,465
502,228,1.99999999598,-77.455011768418,37.3253720841035,-77.930187,36.488497,30.08333333,28.08333333402,2000.08333300402,2002.083333,543
383,384,0.833333333300001,-83.1886269035604,40.7273271473725,-83.2796015283058,40.4747635182114,30.16666666533,29.33333333203,2001.33333300203,2002.16666633533,NA
496,221,6.58333366260996,-78.4858647529805,38.079085490777,-78.8037979709922,38.6312152209259,30.25000033,23.66666666739,1995.66666633739,2002.25,544
522,248,1.25000033033997,-77.5981993849441,38.2036270591184,-77.7007052709177,38.6301130236579,30.25000033,28.99999999966,2000.99999966966,2002.25,566
491,217,1.41666666161,-79.0143530191559,38.4618172348596,-79.0841294901853,38.6429650258188,30.33333333,28.91666666839,2000.91666633839,2002.333333,559
383,109,1.08333399796993,-83.1886269035604,40.7273271473725,-83.257457,41.478783,30.4166673299999,29.33333333203,2001.33333300203,2002.416667,570
500,226,6.66666699597996,-77.5911530045319,37.2339653585063,-77.9856024153412,37.0868978243632,30.50000033,23.83333333402,1995.83333300402,2002.5,432
379,105,5.33333333064,-82.894433822127,39.3310592113128,-82.4783625126201,40.1329698088448,30.58333333,25.24999999936,1997.24999966936,2002.583333,461
470,195,3.33333399636992,-79.2510917956128,40.1159412640137,-79.184868,40.290352,30.6666673299999,27.33333333363,1999.33333300363,2002.666667,520
321,47,2.33333366329996,-77.9417233655838,39.317583344924,-78.092415,39.799814,30.75000033,28.4166666667,2000.4166663367,2002.75,549
462,188,6.66666666367,-81.0520045961814,39.8865716657577,-81.840872,39.955201,30.83333333,24.16666666633,1996.16666633633,2002.833333,596
381,107,4.58333399766992,-83.671900573285,40.7183013683501,-84.332821,41.132469,31.1666673299999,26.58333333233,1998.58333300233,2003.166667,600
370,96,2.50000066396992,-81.9564017195411,39.4014836221408,-81.980181,39.451925,31.1666673299999,28.66666666603,2000.66666633603,2003.166667,553
522,249,2.25000033033997,-77.5981993849441,38.2036270591184,-77.921276,37.883096,31.25000033,28.99999999966,2000.99999966966,2003.25,599
369,94,3.16666666397,-81.9922658049042,39.4170068378406,-81.484932,39.128901,31.33333333,28.16666666603,2000.16666633603,2003.333333,539
516,517,5.75,-77.2648937968258,38.4703869660945,-77.0417093303353,38.0531139335098,31.33333333336,25.58333333336,1997.58333300336,2003.33333300336,NA
335,61,9.66666666267,-78.4031509781437,39.4681433848232,-76.5661322006006,39.1529482544869,31.58333333,21.91666666733,1993.91666633733,2003.583333,614
542,269,4.16666666294,-78.5943288678451,38.947192411341,-77.737955,39.250134,31.58333333,27.41666666706,1999.41666633706,2003.583333,578
513,238,2.91666666364,-77.3100046889077,36.2430527179853,-77.8260471440562,37.3116661695926,31.58333333,28.66666666636,2000.66666633636,2003.583333,562
322,323,2.833333333,-77.6779794964407,39.9209284004617,-77.8820508232477,40.8454010981868,31.6666666664,28.8333333334,2000.8333330034,2003.6666663364,NA
374,100,8.83333399766992,-82.8572254374529,40.0187993671246,-81.789546,38.194331,31.6666673299999,22.83333333233,1994.83333300233,2003.666667,610
427,153,5.91666733063992,-77.1738406846779,38.1667382083212,-77.691125,37.502841,31.6666673299999,25.74999999936,1997.74999966936,2003.666667,471
486,212,5.25000066230992,-79.7343246487072,38.0639382764894,-79.910158,37.422206,31.6666673299999,26.41666666769,1998.41666633769,2003.666667,530
533,259,7.58333366263997,-81.0259052908324,39.1251683844601,-80.219293,39.38284,31.75000033,24.16666666736,1996.16666633736,2003.75,607
471,197,5.50000033036996,-79.291231084834,40.3134226035327,-79.3570417497272,40.1537294937919,31.75000033,26.24999999963,1998.24999966963,2003.75,486
470,196,4.41666699636996,-79.2510917956128,40.1159412640137,-79.3158264409155,39.2167869537017,31.75000033,27.33333333363,1999.33333300363,2003.75,521
434,161,9.08333366293996,-78.9482458451313,38.1797135209654,-77.213865,38.897659,32.00000033,22.91666666706,1994.91666633706,2004,399
515,241,4.25000032963996,-77.6180088368081,36.462406081787,-77.287824,36.535205,32.00000033,27.75000000036,1999.74999967036,2004,533
517,242,0.666666996639965,-77.0417093303353,38.0531139335098,-76.702874,38.352687,32.00000033,31.33333333336,2003.33333300336,2004,612
545,272,4.49999999664,-78.7854683137696,38.8192321171627,-79.0837468448433,38.6444729236053,32.08333333,27.58333333336,1999.58333300336,2004.083333,528
472,199,3.24999999737,-80.3732755245186,39.3726559167614,-80.403362,39.394938,32.08333333,28.83333333263,2000.83333300263,2004.083333,555
520,246,2.66666666364,-77.1128667273244,39.9152695015939,-77.3446870075484,39.723883661303,32.08333333,29.41666666636,2001.41666633636,2004.083333,587
517,243,0.749999996640003,-77.0417093303353,38.0531139335098,-76.76532,36.919292,32.08333333,31.33333333336,2003.33333300336,2004.083333,613
372,97,7.58333399766992,-80.9982292171587,40.8205437817742,-81.418549,41.540267,32.1666673299999,24.58333333233,1996.58333300233,2004.166667,588
318,43,6.91666699559996,-77.026972235287,39.655414474526,-77.3538435485271,39.7310930754915,32.25000033,25.3333333344,1997.3333330044,2004.25,595
373,99,6.00000033066996,-80.7876853763675,40.6467884673353,-80.066203,41.087945,32.25000033,26.24999999933,1998.24999966933,2004.25,489
382,108,3.91666699796997,-82.8444186213811,40.5951047467521,-82.4708256427668,40.1351897181728,32.25000033,28.33333333203,2000.33333300203,2004.25,620
472,198,3.49999999737,-80.3732755245186,39.3726559167614,-80.538744,38.723195,32.33333333,28.83333333263,2000.83333300263,2004.333333,554
384,110,2.16666666467,-83.2796015283058,40.4747635182114,-82.976768,40.143508,32.33333333,30.16666666533,2002.16666633533,2004.333333,624
323,49,0.666666663600004,-77.8820508232477,40.8454010981868,-77.8516464596404,40.8523460231374,32.33333333,31.6666666664,2003.6666663364,2004.333333,629
384,111,2.25000066466993,-83.2796015283058,40.4747635182114,-83.594005,40.341046,32.4166673299999,30.16666666533,2002.16666633533,2004.416667,627
319,45,5.16666699659996,-77.9258352492429,39.355865477698,-78.252774,40.901964,32.50000033,27.3333333334,1999.3333330034,2004.5,518
518,244,6.58333332994,-77.3661039382285,38.4974121086956,-76.909056,38.043484,32.58333333,26.00000000006,1997.99999967006,2004.583333,592
521,247,5.50000066333993,-77.4839294360574,37.985102072625,-77.722959,37.880964,32.6666673299999,27.16666666666,1999.16666633666,2004.666667,561
534,261,3.66666732963993,-80.8884127697956,38.8513943358854,-81.311177,39.121263,32.6666673299999,29.00000000036,2000.99999967036,2004.666667,565
323,50,1.03333366360001,-77.8820508232477,40.8454010981868,-77.8440402247202,40.8493318839277,32.70000033,31.6666666664,2003.6666663364,2004.7,619
