node1,node2,length,startLon,startLat,endLon,endLat,endNodeL,startNodeL,startYear,endYear,tipLabel
233,234,8.833333333,-78.851011131516,38.9893276013185,-79.1441827257862,38.1549759194159,8.833333333,0,1972,1980.833333333,NA
233,270,0.25,-78.851011131516,38.9893276013185,-78.8589597738431,39.0152099060512,0.25,0,1972,1972.25,NA
270,271,0.333333333299997,-78.8589597738431,39.0152099060512,-79.1001589845127,38.9637956372001,0.583333333299997,0.25,1972.25,1972.5833333333,NA
271,272,0.166666666700003,-79.1001589845127,38.9637956372001,-79.1028060786258,38.9404826403,0.75,0.583333333299997,1972.5833333333,1972.75,NA
270,356,2.25,-78.8589597738431,39.0152099060512,-78.842296199246,38.9902161577507,2.5,0.25,1972.25,1974.5,NA
356,357,0.166666666699999,-78.842296199246,38.9902161577507,-78.7859276627366,39.0603594246407,2.6666666667,2.5,1974.5,1974.6666666667,NA
271,274,2.5,-79.1001589845127,38.9637956372001,-79.1738473098548,38.9633404007515,3.0833333333,0.583333333299997,1972.5833333333,1975.0833333333,NA
357,390,0.916666666699999,-78.7859276627366,39.0603594246407,-78.7834159404043,38.9903861278768,3.5833333334,2.6666666667,1974.6666666667,1975.5833333334,NA
357,358,1.75,-78.7859276627366,39.0603594246407,-78.9075249926793,39.1078360711985,4.4166666667,2.6666666667,1974.6666666667,1976.4166666667,NA
358,373,0.0833333333299997,-78.9075249926793,39.1078360711985,-78.0228568565938,35.1870522580171,4.50000000003,4.4166666667,1976.4166666667,1976.50000000003,NA
274,275,1.416666667,-79.1738473098548,38.9633404007515,-79.3204154187767,39.0295933594181,4.5000000003,3.0833333333,1975.0833333333,1976.5000000003,NA
390,397,1.25,-78.7834159404043,38.9903861278768,-78.6586894861731,38.9528781507943,4.8333333334,3.5833333334,1975.5833333334,1976.8333333334,NA
390,391,1.333333333,-78.7834159404043,38.9903861278768,-78.9875173963205,40.594569497309,4.9166666664,3.5833333334,1975.5833333334,1976.9166666664,NA
275,276,1.416666667,-79.3204154187767,39.0295933594181,-79.26237390413,39.0399330660308,5.9166666673,4.5000000003,1976.5000000003,1977.9166666673,NA
397,411,1.25,-78.6586894861731,38.9528781507943,-79.0072603029775,38.884722694014,6.0833333334,4.8333333334,1976.8333333334,1978.0833333334,NA
373,374,1.75,-78.0228568565938,35.1870522580171,-79.3412854159946,37.576299794109,6.25000000003,4.50000000003,1976.50000000003,1978.25000000003,NA
373,379,1.75,-78.0228568565938,35.1870522580171,-77.8196324636067,37.6474055091885,6.25000000003,4.50000000003,1976.50000000003,1978.25000000003,NA
411,412,0.416666666700003,-79.0072603029775,38.884722694014,-79.2927497877222,39.2103701802022,6.5000000001,6.0833333334,1978.0833333334,1978.5000000001,NA
276,277,0.583333333300001,-79.26237390413,39.0399330660308,-79.1082718545769,38.9020465680964,6.5000000006,5.9166666673,1977.9166666673,1978.5000000006,NA
358,359,2.333333333,-78.9075249926793,39.1078360711985,-78.5785104658302,39.0077544686231,6.7499999997,4.4166666667,1976.4166666667,1978.7499999997,NA
412,413,0.416666666699999,-79.2927497877222,39.2103701802022,-79.2592671545521,39.4762274238318,6.9166666668,6.5000000001,1978.5000000001,1978.9166666668,NA
275,279,2.583333333,-79.3204154187767,39.0295933594181,-79.210070203563,39.1801423341602,7.0833333333,4.5000000003,1976.5000000003,1979.0833333333,NA
391,392,2.25,-78.9875173963205,40.594569497309,-78.9301177747652,40.9063523762892,7.1666666664,4.9166666664,1976.9166666664,1979.1666666664,NA
279,304,0.416666666699999,-79.210070203563,39.1801423341602,-79.1690616972074,39.2198096153664,7.5,7.0833333333,1979.0833333333,1979.5,NA
279,280,0.75,-79.210070203563,39.1801423341602,-79.1882266905369,39.0300103070619,7.8333333333,7.0833333333,1979.0833333333,1979.8333333333,NA
280,286,0.25,-79.1882266905369,39.0300103070619,-79.2597014325088,39.7402009846836,8.0833333333,7.8333333333,1979.8333333333,1980.0833333333,NA
374,375,2.166666667,-79.3412854159946,37.576299794109,-79.195195622155,37.7853984112544,8.41666666703,6.25000000003,1978.25000000003,1980.41666666703,NA
286,287,0.583333333300001,-79.2597014325088,39.7402009846836,-79.1685216343703,39.7355370544676,8.6666666666,8.0833333333,1980.0833333333,1980.6666666666,NA
374,377,2.416666667,-79.3412854159946,37.576299794109,-79.4098940081268,37.1136775046851,8.66666666703,6.25000000003,1978.25000000003,1980.66666666703,NA
375,376,0.25,-79.195195622155,37.7853984112544,-79.1735135788479,37.6767390819606,8.66666666703,8.41666666703,1980.41666666703,1980.66666666703,NA
412,418,2.5,-79.2927497877222,39.2103701802022,-79.8082012217713,38.5214954737003,9.0000000001,6.5000000001,1978.5000000001,1981.0000000001,NA
287,289,0.416666666699999,-79.1685216343703,39.7355370544676,-79.2409539612197,39.7168595284601,9.0833333333,8.6666666666,1980.6666666666,1981.0833333333,NA
280,281,1.416666667,-79.1882266905369,39.0300103070619,-79.9317010068157,38.7339176833308,9.2500000003,7.8333333333,1979.8333333333,1981.2500000003,NA
281,282,0.0833333333300033,-79.9317010068157,38.7339176833308,-79.9226284181041,38.857091473509,9.33333333363,9.2500000003,1981.2500000003,1981.33333333363,NA
282,283,0.0833333333299962,-79.9226284181041,38.857091473509,-79.8119135312209,38.8281134430533,9.41666666696,9.33333333363,1981.33333333363,1981.41666666696,NA
234,237,0.666666666700003,-79.1441827257862,38.1549759194159,-79.0519596778884,38.2004699723454,9.4999999997,8.833333333,1980.833333333,1981.4999999997,NA
234,235,0.75,-79.1441827257862,38.1549759194159,-79.2196580607807,38.1669662836774,9.583333333,8.833333333,1980.833333333,1981.583333333,NA
379,380,3.333333333,-77.8196324636067,37.6474055091885,-78.4097128637155,35.9385938195067,9.58333333303,6.25000000003,1978.25000000003,1981.58333333303,NA
286,294,1.5,-79.2597014325088,39.7402009846836,-79.3000926391792,39.8978227034745,9.5833333333,8.0833333333,1980.0833333333,1981.5833333333,NA
287,288,1.083333333,-79.1685216343703,39.7355370544676,-79.1651530362583,39.8171435811262,9.7499999996,8.6666666666,1980.6666666666,1981.7499999996,NA
304,305,2.333333333,-79.1690616972074,39.2198096153664,-79.1601011103424,39.0221727061026,9.833333333,7.5,1979.5,1981.833333333,NA
397,398,5,-78.6586894861731,38.9528781507943,-78.4173796273045,39.2004852655851,9.8333333334,4.8333333334,1976.8333333334,1981.8333333334,NA
418,419,0.833333333299997,-79.8082012217713,38.5214954737003,-79.7495621069821,38.4736067423817,9.8333333334,9.0000000001,1981.0000000001,1981.8333333334,NA
380,381,0.333333333300004,-78.4097128637155,35.9385938195067,-78.4654427266909,35.7546534642957,9.91666666633,9.58333333303,1981.58333333303,1981.91666666633,NA
381,382,0.25,-78.4654427266909,35.7546534642957,-78.4634771226575,35.7899942005749,10.16666666633,9.91666666633,1981.91666666633,1982.16666666633,NA
376,141,1.66666633297004,-79.1735135788479,37.6767390819606,-79.05496,37.417628,10.333333,8.66666666703,1980.66666666703,1982.333333,60
289,54,1.24999966670004,-79.2409539612197,39.7168595284601,-79.275754,39.559757,10.333333,9.0833333333,1981.0833333333,1982.333333,67
377,378,1.75,-79.4098940081268,37.1136775046851,-79.7869491119107,37.2512755905454,10.41666666703,8.66666666703,1980.66666666703,1982.41666666703,NA
378,144,3.3296996093668e-07,-79.7869491119107,37.2512755905454,-79.78697,37.251251,10.416667,10.41666666703,1982.41666666703,1982.416667,94
379,146,4.24999999997,-77.8196324636067,37.6474055091885,-76.688232,37.814986,10.5,6.25000000003,1978.25000000003,1982.5,34
356,124,8.08333300000004,-78.842296199246,38.9902161577507,-79.604094,38.171937,10.583333,2.5,1974.5,1982.583333,10
411,435,4.583333333,-79.0072603029775,38.884722694014,-78.5540847176725,39.0326381780263,10.6666666664,6.0833333334,1978.0833333334,1982.6666666664,NA
283,48,1.41666633304004,-79.8119135312209,38.8281134430533,-79.7644575739394,39.0828094170485,10.833333,9.41666666696,1981.41666666696,1982.833333,73
235,236,1.25,-79.2196580607807,38.1669662836774,-79.1276424479665,37.7774074344082,10.833333333,9.583333333,1981.583333333,1982.833333333,NA
381,383,1,-78.4654427266909,35.7546534642957,-78.3990951423724,35.7573270567297,10.91666666633,9.91666666633,1981.91666666633,1982.91666666633,NA
272,273,10.16666667,-79.1028060786258,38.9404826403,-79.0866462949117,39.0653429087149,10.91666667,0.75,1972.75,1982.91666667,NA
276,42,5.0833333327,-79.26237390413,39.0399330660308,-78.5048318114309,38.5149273170064,11,5.9166666673,1977.9166666673,1983,29
419,185,1.1666666666,-79.7495621069821,38.4736067423817,-80.185655,37.992172,11,9.8333333334,1981.8333333334,1983,89
391,393,6.166666667,-78.9875173963205,40.594569497309,-79.1710864519886,40.0152568501077,11.0833333334,4.9166666664,1976.9166666664,1983.0833333334,NA
237,238,1.75,-79.0519596778884,38.2004699723454,-78.4491167404274,36.0658584279628,11.2499999997,9.4999999997,1981.4999999997,1983.2499999997,NA
382,148,1.08333333367,-78.4634771226575,35.7899942005749,-78.074331,36.204032,11.25,10.16666666633,1982.16666666633,1983.25,92
289,290,2.166666667,-79.2409539612197,39.7168595284601,-79.3052477241107,39.6953769180993,11.2500000003,9.0833333333,1981.0833333333,1983.2500000003,NA
283,47,1.91666633304004,-79.8119135312209,38.8281134430533,-79.968243,38.804805,11.333333,9.41666666696,1981.41666666696,1983.333333,72
294,60,1.74999966670004,-79.3000926391792,39.8978227034745,-79.3791486801722,39.880932054674,11.333333,9.5833333333,1981.5833333333,1983.333333,78
435,436,0.666666666700003,-78.5540847176725,39.0326381780263,-78.6372780152494,40.4517786781583,11.3333333331,10.6666666664,1982.6666666664,1983.3333333331,NA
282,284,2,-79.9226284181041,38.857091473509,-80.1886504265752,38.3479601510849,11.33333333363,9.33333333363,1981.33333333363,1983.33333333363,NA
383,385,0.5,-78.3990951423724,35.7573270567297,-78.4644188760255,35.5637223655317,11.41666666633,10.91666666633,1982.91666666633,1983.41666666633,NA
377,143,2.75000033296996,-79.4098940081268,37.1136775046851,-79.372266,37.154126,11.416667,8.66666666703,1980.66666666703,1983.416667,56
274,41,8.4166666667,-79.1738473098548,38.9633404007515,-78.663537,38.841621,11.5,3.0833333333,1975.0833333333,1983.5,14
235,1,1.916666667,-79.2196580607807,38.1669662836774,-78.9747156076568,38.2807740481051,11.5,9.583333333,1981.583333333,1983.5,81
413,414,4.75,-79.2592671545521,39.4762274238318,-79.4004802111787,39.6420177427477,11.6666666668,6.9166666668,1978.9166666668,1983.6666666668,NA
359,363,5,-78.5785104658302,39.0077544686231,-78.3766103258496,39.5847568677219,11.7499999997,6.7499999997,1978.7499999997,1983.7499999997,NA
413,416,4.833333333,-79.2592671545521,39.4762274238318,-79.1311718599241,39.1688568467658,11.7499999998,6.9166666668,1978.9166666668,1983.7499999998,NA
288,53,2.08333300040004,-79.1651530362583,39.8171435811262,-79.0799504047999,39.6047922773061,11.833333,9.7499999996,1981.7499999996,1983.833333,83
237,256,2.333333333,-79.0519596778884,38.2004699723454,-78.7743671347901,38.491449568777,11.8333333327,9.4999999997,1981.4999999997,1983.8333333327,NA
277,278,5.333333333,-79.1082718545769,38.9020465680964,-79.1815616794329,39.1351950729471,11.8333333336,6.5000000006,1978.5000000006,1983.8333333336,NA
398,165,2.08333366659996,-78.4173796273045,39.2004852655851,-78.613351,39.213973,11.916667,9.8333333334,1981.8333333334,1983.916667,84
305,306,2.333333333,-79.1601011103424,39.0221727061026,-79.1489249267842,38.8943013423855,12.166666666,9.833333333,1981.833333333,1984.166666666,NA
392,159,5.00000033359996,-78.9301177747652,40.9063523762892,-78.968695,40.601238,12.166667,7.1666666664,1979.1666666664,1984.166667,47
284,285,0.916666666699996,-80.1886504265752,38.3479601510849,-80.1193418267108,38.3212391505601,12.25000000033,11.33333333363,1983.33333333363,1984.25000000033,NA
414,179,0.666666333200038,-79.4004802111787,39.6420177427477,-79.475572,39.507179,12.333333,11.6666666668,1983.6666666668,1984.333333,116
363,368,0.666666666699996,-78.3766103258496,39.5847568677219,-78.6296059871969,39.6380153077904,12.4166666664,11.7499999997,1983.7499999997,1984.4166666664,NA
385,386,1.083333333,-78.4644188760255,35.5637223655317,-78.3416441496868,35.4001222815136,12.49999999933,11.41666666633,1983.41666666633,1984.49999999933,NA
359,360,5.75,-78.5785104658302,39.0077544686231,-78.3278821620743,38.9234051013407,12.4999999997,6.7499999997,1978.7499999997,1984.4999999997,NA
304,71,5,-79.1690616972074,39.2198096153664,-79.151167,38.618237,12.5,7.5,1979.5,1984.5,48
380,147,2.91666666697,-78.4097128637155,35.9385938195067,-78.403685,35.745357,12.5,9.58333333303,1981.58333333303,1984.5,76
305,309,2.75,-79.1601011103424,39.0221727061026,-79.1412521156023,39.2919106157019,12.583333333,9.833333333,1981.833333333,1984.583333333,NA
418,421,3.666666667,-79.8082012217713,38.5214954737003,-79.8143576152589,38.7056669560199,12.6666666671,9.0000000001,1981.0000000001,1984.6666666671,NA
392,158,5.50000033359996,-78.9301177747652,40.9063523762892,-79.2852157187489,40.0225496633448,12.666667,7.1666666664,1979.1666666664,1984.666667,46
375,140,4.33333333297,-79.195195622155,37.7853984112544,-78.7486092817252,38.702713701228,12.75,8.41666666703,1980.41666666703,1984.75,55
306,72,0.583333333999999,-79.1489249267842,38.8943013423855,-78.5025729937113,38.5073190834592,12.75,12.166666666,1984.166666666,1984.75,127
382,149,2.66666633367004,-78.4634771226575,35.7899942005749,-78.408879,34.128784,12.833333,10.16666666633,1982.16666666633,1984.833333,93
385,152,1.58333333367,-78.4644188760255,35.5637223655317,-78.3746445402577,35.327018976101,13,11.41666666633,1983.41666666633,1985,114
285,50,0.833332999670041,-80.1193418267108,38.3212391505601,-79.866003,38.942331,13.083333,12.25000000033,1984.25000000033,1985.083333,128
285,51,0.916666999669964,-80.1193418267108,38.3212391505601,-80.64697,38.238741,13.166667,12.25000000033,1984.25000000033,1985.166667,129
309,310,0.666666666700003,-79.1412521156023,39.2919106157019,-79.1738001350437,39.6948523184967,13.2499999997,12.583333333,1984.583333333,1985.2499999997,NA
281,46,3.9999999997,-79.9317010068157,38.7339176833308,-80.069834,38.668217,13.25,9.2500000003,1981.2500000003,1985.25,68
288,52,3.5000000004,-79.1651530362583,39.8171435811262,-79.3784083966988,39.8809818704335,13.25,9.7499999996,1981.7499999996,1985.25,82
278,44,1.4166666664,-79.1815616794329,39.1351950729471,-79.080586866756,39.6086542332115,13.25,11.8333333336,1983.8333333336,1985.25,122
256,257,1.5,-78.7743671347901,38.491449568777,-78.8525689739637,38.4016732554633,13.3333333327,11.8333333327,1983.8333333327,1985.3333333327,NA
383,384,2.416666667,-78.3990951423724,35.7573270567297,-78.3147991878404,35.7478125426555,13.33333333333,10.91666666633,1982.91666666633,1985.33333333333,NA
238,242,2.25,-78.4491167404274,36.0658584279628,-78.4447168170462,36.2472805384363,13.4999999997,11.2499999997,1983.2499999997,1985.4999999997,NA
360,125,1.0000000003,-78.3278821620743,38.9234051013407,-78.4881736378347,39.1224529755005,13.5,12.4999999997,1984.4999999997,1985.5,133
384,151,0.16666666667,-78.3147991878404,35.7478125426555,-78.320627,35.753604,13.5,13.33333333333,1985.33333333333,1985.5,143
436,437,2.166666667,-78.6372780152494,40.4517786781583,-78.6368456811516,40.4954870667735,13.5000000001,11.3333333331,1983.3333333331,1985.5000000001,NA
398,399,3.666666667,-78.4173796273045,39.2004852655851,-78.9697660376293,37.7498271797724,13.5000000004,9.8333333334,1981.8333333334,1985.5000000004,NA
290,292,2.333333333,-79.3052477241107,39.6953769180993,-79.4238729316187,39.8434093480139,13.5833333333,11.2500000003,1983.2500000003,1985.5833333333,NA
419,420,3.833333333,-79.7495621069821,38.4736067423817,-79.7946728735679,38.3368013179046,13.6666666664,9.8333333334,1981.8333333334,1985.6666666664,NA
242,243,0.25,-78.4447168170462,36.2472805384363,-78.4544299181322,36.3015295629522,13.7499999997,13.4999999997,1985.4999999997,1985.7499999997,NA
437,438,0.25,-78.6368456811516,40.4954870667735,-78.6076015790054,40.4660323584873,13.7500000001,13.5000000001,1985.5000000001,1985.7500000001,NA
273,40,3.08333333,-79.0866462949117,39.0653429087149,-79.0405773648577,40.217189548131,14,10.91666667,1982.91666667,1986,101
236,3,3.24999966700004,-79.1276424479665,37.7774074344082,-79.1160252758276,37.2942665353892,14.083333,10.833333333,1982.833333333,1986.083333,99
420,187,0.416666333600038,-79.7946728735679,38.3368013179046,-79.658352,38.401314,14.083333,13.6666666664,1985.6666666664,1986.083333,155
368,369,1.666666667,-78.6296059871969,39.6380153077904,-78.8358661041322,40.4568265665089,14.0833333334,12.4166666664,1984.4166666664,1986.0833333334,NA
290,291,2.916666667,-79.3052477241107,39.6953769180993,-79.4320723486114,38.5784453133069,14.1666666673,11.2500000003,1983.2500000003,1986.1666666673,NA
435,203,3.50000033359996,-78.5540847176725,39.0326381780263,-78.538988,38.746714,14.166667,10.6666666664,1982.6666666664,1986.166667,97
384,150,0.91666666667,-78.3147991878404,35.7478125426555,-78.440713,36.217982,14.25,13.33333333333,1985.33333333333,1986.25,142
278,45,2.49999966640004,-79.1815616794329,39.1351950729471,-79.2003749284256,40.1706770879904,14.333333,11.8333333336,1983.8333333336,1986.333333,123
310,328,1.083333333,-79.1738001350437,39.6948523184967,-79.2159757654853,39.4599363322788,14.3333333327,13.2499999997,1985.2499999997,1986.3333333327,NA
328,329,0.0833333333299997,-79.2159757654853,39.4599363322788,-79.1743482604039,39.5105979226532,14.41666666603,14.3333333327,1986.3333333327,1986.41666666603,NA
386,387,2,-78.3416441496868,35.4001222815136,-78.6616039389654,35.0448116877483,14.49999999933,12.49999999933,1984.49999999933,1986.49999999933,NA
420,186,0.833333333599999,-79.7946728735679,38.3368013179046,-79.3114689141236,38.3484085260431,14.5,13.6666666664,1985.6666666664,1986.5,154
329,331,0.25,-79.1743482604039,39.5105979226532,-79.1938351320816,39.5257484250044,14.66666666603,14.41666666603,1986.41666666603,1986.66666666603,NA
399,400,1.166666667,-78.9697660376293,37.7498271797724,-78.8972528717583,38.0399221160303,14.6666666674,13.5000000004,1985.5000000004,1986.6666666674,NA
291,56,0.5833333327,-79.4320723486114,38.5784453133069,-79.385004,38.207981,14.75,14.1666666673,1986.1666666673,1986.75,163
400,166,0.0833333326000023,-78.8972528717583,38.0399221160303,-78.9708492047749,38.2873188886372,14.75,14.6666666674,1986.6666666674,1986.75,170
273,39,3.91666633000004,-79.0866462949117,39.0653429087149,-78.7571509402142,39.5483111564037,14.833333,10.91666667,1982.91666667,1986.833333,100
243,8,1.16666700029996,-78.4544299181322,36.3015295629522,-78.4641243708971,36.0834671736221,14.916667,13.7499999997,1985.7499999997,1986.916667,156
257,24,1.83333366729996,-78.8525689739637,38.4016732554633,-77.292275,39.52709,15.166667,13.3333333327,1985.3333333327,1987.166667,145
243,9,1.41666700029996,-78.4544299181322,36.3015295629522,-78.238576,36.245765,15.166667,13.7499999997,1985.7499999997,1987.166667,157
438,205,1.41666699989996,-78.6076015790054,40.4660323584873,-78.351717,40.963474,15.166667,13.7500000001,1985.7500000001,1987.166667,158
363,364,3.5,-78.3766103258496,39.5847568677219,-78.5228094195617,40.0406132216988,15.2499999997,11.7499999997,1983.7499999997,1987.2499999997,NA
292,57,1.6666666667,-79.4238729316187,39.8434093480139,-79.1962389288495,39.9336328106099,15.25,13.5833333333,1985.5833333333,1987.25,152
294,295,5.666666667,-79.3000926391792,39.8978227034745,-79.1972658130105,40.187073215226,15.2500000003,9.5833333333,1981.5833333333,1987.2500000003,NA
376,142,6.75000033296996,-79.1735135788479,37.6767390819606,-78.419292,37.071408,15.416667,8.66666666703,1980.66666666703,1987.416667,61
421,426,3,-79.8143576152589,38.7056669560199,-79.5151139118408,38.2318948096295,15.6666666671,12.6666666671,1984.6666666671,1987.6666666671,NA
369,135,1.58333366659996,-78.8358661041322,40.4568265665089,-78.7913823275329,40.3973529216775,15.666667,14.0833333334,1986.0833333334,1987.666667,161
368,370,3.333333333,-78.6296059871969,39.6380153077904,-76.3360742775024,40.944795466493,15.7499999994,12.4166666664,1984.4166666664,1987.7499999994,NA
236,2,4.99999966700004,-79.1276424479665,37.7774074344082,-79.932702,38.01637,15.833333,10.833333333,1982.833333333,1987.833333,98
393,394,4.75,-79.1710864519886,40.0152568501077,-79.1652578844568,40.0573369994414,15.8333333334,11.0833333334,1983.0833333334,1987.8333333334,NA
295,297,0.583333333300001,-79.1972658130105,40.187073215226,-79.2073914802649,40.7768533194045,15.8333333336,15.2500000003,1987.2500000003,1987.8333333336,NA
331,97,1.25000033396996,-79.1938351320816,39.5257484250044,-79.143075,39.227419,15.916667,14.66666666603,1986.66666666603,1987.916667,172
436,444,4.666666667,-78.6372780152494,40.4517786781583,-79.5173331414314,39.8901817912526,16.0000000001,11.3333333331,1983.3333333331,1988.0000000001,NA
297,298,0.166666666699999,-79.2073914802649,40.7768533194045,-79.2365776951876,40.7628826622961,16.0000000003,15.8333333336,1987.8333333336,1988.0000000003,NA
364,129,0.833333000300037,-78.5228094195617,40.0406132216988,-77.37987,37.896112,16.083333,15.2499999997,1987.2499999997,1988.083333,177
426,428,0.5,-79.5151139118408,38.2318948096295,-79.6325064475161,38.4949026953918,16.1666666671,15.6666666671,1987.6666666671,1988.1666666671,NA
369,134,2.08333366659996,-78.8358661041322,40.4568265665089,-78.647056,41.054008,16.166667,14.0833333334,1986.0833333334,1988.166667,160
394,160,0.333333666599962,-79.1652578844568,40.0573369994414,-78.7595461107001,39.5424335535859,16.166667,15.8333333334,1987.8333333334,1988.166667,182
257,258,2.916666667,-78.8525689739637,38.4016732554633,-78.8560680145311,39.8531744635701,16.2499999997,13.3333333327,1985.3333333327,1988.2499999997,NA
284,49,4.91666666637,-80.1886504265752,38.3479601510849,-80.279919,38.40559,16.25,11.33333333363,1983.33333333363,1988.25,110
393,395,5.166666667,-79.1710864519886,40.0152568501077,-78.3956948457656,38.5947466667179,16.2500000004,11.0833333334,1983.0833333334,1988.2500000004,NA
277,43,9.9999999994,-79.1082718545769,38.9020465680964,-78.276595637131,40.7182063524892,16.5,6.5000000006,1978.5000000006,1988.5,36
291,55,2.41666633270004,-79.4320723486114,38.5784453133069,-79.3095923958052,38.3466622933604,16.583333,14.1666666673,1986.1666666673,1988.583333,162
297,63,0.749999666400036,-79.2073914802649,40.7768533194045,-79.229684,40.739005,16.583333,15.8333333336,1987.8333333336,1988.583333,185
414,415,5,-79.4004802111787,39.6420177427477,-79.6338216931657,40.4992694889198,16.6666666668,11.6666666668,1983.6666666668,1988.6666666668,NA
416,417,4.916666667,-79.1311718599241,39.1688568467658,-79.324171250341,39.0489162493822,16.6666666668,11.7499999998,1983.7499999998,1988.6666666668,NA
272,38,15.916667,-79.1028060786258,38.9404826403,-80.124203,37.780723,16.666667,0.75,1972.75,1988.666667,9
399,401,3.25,-78.9697660376293,37.7498271797724,-79.0407565861538,37.7942207419365,16.7500000004,13.5000000004,1985.5000000004,1988.7500000004,NA
387,154,2.33333300067004,-78.6616039389654,35.0448116877483,-78.417379,33.993265,16.833333,14.49999999933,1986.49999999933,1988.833333,168
426,427,1.166666667,-79.5151139118408,38.2318948096295,-79.4384867557372,38.4597463518605,16.8333333341,15.6666666671,1987.6666666671,1988.8333333341,NA
298,299,1.083333333,-79.2365776951876,40.7628826622961,-79.3370749221868,41.0331510645615,17.0833333333,16.0000000003,1988.0000000003,1989.0833333333,NA
395,396,0.916666666699999,-78.3956948457656,38.5947466667179,-78.3905215993492,38.2692594563158,17.1666666671,16.2500000004,1988.2500000004,1989.1666666671,NA
401,402,0.416666666699999,-79.0407565861538,37.7942207419365,-79.1709882075395,37.6321131720939,17.1666666671,16.7500000004,1988.7500000004,1989.1666666671,NA
292,293,3.666666667,-79.4238729316187,39.8434093480139,-79.3289240188553,40.1681329865013,17.2500000003,13.5833333333,1985.5833333333,1989.2500000003,NA
299,300,0.25,-79.3370749221868,41.0331510645615,-79.3448571723665,40.9994945787616,17.3333333333,17.0833333333,1989.0833333333,1989.3333333333,NA
310,311,4.166666667,-79.1738001350437,39.6948523184967,-78.4572292619422,42.0856544059221,17.4166666667,13.2499999997,1985.2499999997,1989.4166666667,NA
378,145,7.00000033296996,-79.7869491119107,37.2512755905454,-79.463471,38.074285,17.416667,10.41666666703,1982.41666666703,1989.416667,95
415,181,0.75000033319996,-79.6338216931657,40.4992694889198,-79.02505,41.275316,17.416667,16.6666666668,1988.6666666668,1989.416667,197
421,422,4.833333333,-79.8143576152589,38.7056669560199,-79.8182171624672,38.7658050319844,17.5000000001,12.6666666671,1984.6666666671,1989.5000000001,NA
258,25,1.33333300030004,-78.8560680145311,39.8531744635701,-78.762082,40.161629,17.583333,16.2499999997,1988.2499999997,1989.583333,195
258,259,1.333333333,-78.8560680145311,39.8531744635701,-78.8743286364031,39.9152544054746,17.5833333327,16.2499999997,1988.2499999997,1989.5833333327,NA
438,439,3.833333333,-78.6076015790054,40.4660323584873,-78.9000958526807,40.2601140945758,17.5833333331,13.7500000001,1985.7500000001,1989.5833333331,NA
444,445,1.666666667,-79.5173331414314,39.8901817912526,-79.5304291692316,39.9252751361616,17.6666666671,16.0000000001,1988.0000000001,1989.6666666671,NA
402,404,0.5,-79.1709882075395,37.6321131720939,-79.2520197507929,37.7296861455461,17.6666666671,17.1666666671,1989.1666666671,1989.6666666671,NA
300,65,0.333333666699961,-79.3448571723665,40.9994945787616,-78.89635,40.742219,17.666667,17.3333333333,1989.3333333333,1989.666667,212
416,182,6.0000000002,-79.1311718599241,39.1688568467658,-79.5531777150749,39.1365781001705,17.75,11.7499999998,1983.7499999998,1989.75,121
417,184,1.25000033319996,-79.324171250341,39.0489162493822,-78.735282,39.31109,17.916667,16.6666666668,1988.6666666668,1989.916667,199
300,66,0.583333666699961,-79.3448571723665,40.9994945787616,-79.347396,40.917802,17.916667,17.3333333333,1989.3333333333,1989.916667,213
360,361,5.5,-78.3278821620743,38.9234051013407,-78.3787878479126,40.5744156182319,17.9999999997,12.4999999997,1984.4999999997,1989.9999999997,NA
444,212,1.9999999999,-79.5173331414314,39.8901817912526,-79.359192,40.115248,18,16.0000000001,1988.0000000001,1990,186
238,239,6.833333333,-78.4491167404274,36.0658584279628,-78.1445356448982,36.5328960453776,18.0833333327,11.2499999997,1983.2499999997,1990.0833333327,NA
328,339,3.75,-79.2159757654853,39.4599363322788,-79.0673168132224,38.7308287396675,18.0833333327,14.3333333327,1986.3333333327,1990.0833333327,NA
339,342,0.166666666699999,-79.0673168132224,38.7308287396675,-79.0755389407888,38.9295245810561,18.2499999994,18.0833333327,1990.0833333327,1990.2499999994,NA
437,204,4.7499999999,-78.6368456811516,40.4954870667735,-78.610216,40.432426,18.25,13.5000000001,1985.5000000001,1990.25,151
445,446,0.583333333300001,-79.5304291692316,39.9252751361616,-79.5259187559865,39.9781146753064,18.2500000004,17.6666666671,1989.6666666671,1990.2500000004,NA
329,330,4,-79.1743482604039,39.5105979226532,-79.1861843219309,39.3546626434007,18.41666666603,14.41666666603,1986.41666666603,1990.41666666603,NA
394,161,2.58333366659996,-79.1652578844568,40.0573369994414,-79.1178945141346,40.0733339129278,18.416667,15.8333333334,1987.8333333334,1990.416667,183
342,343,0.25,-79.0755389407888,38.9295245810561,-77.4654048081151,38.1330705850777,18.4999999994,18.2499999994,1990.2499999994,1990.4999999994,NA
401,407,1.75,-79.0407565861538,37.7942207419365,-79.1758324484992,37.5554821816613,18.5000000004,16.7500000004,1988.7500000004,1990.5000000004,NA
259,260,1.083333333,-78.8743286364031,39.9152544054746,-79.000901874222,38.9209875809639,18.6666666657,17.5833333327,1989.5833333327,1990.6666666657,NA
370,371,2.916666667,-76.3360742775024,40.944795466493,-76.4133346876502,41.2678736513807,18.6666666664,15.7499999994,1987.7499999994,1990.6666666664,NA
361,362,0.666666666699999,-78.3787878479126,40.5744156182319,-78.4161507732524,40.4925424287679,18.6666666664,17.9999999997,1989.9999999997,1990.6666666664,NA
293,59,1.41666699969996,-79.3289240188553,40.1681329865013,-79.1977243071187,40.1732274492527,18.666667,17.2500000003,1989.2500000003,1990.666667,211
306,307,6.583333333,-79.1489249267842,38.8943013423855,-79.1346762294009,38.1093094548306,18.749999999,12.166666666,1984.166666666,1990.749999999,NA
343,109,0.2500000006,-77.4654048081151,38.1330705850777,-77.401787,38.214372,18.75,18.4999999994,1990.4999999994,1990.75,241
404,405,1.166666667,-79.2520197507929,37.7296861455461,-79.6855614436092,38.0050290780125,18.8333333341,17.6666666671,1989.6666666671,1990.8333333341,NA
364,365,3.666666667,-78.5228094195617,40.0406132216988,-78.2035796886636,40.7015727972225,18.9166666667,15.2499999997,1987.2499999997,1990.9166666667,NA
371,137,0.333333333599999,-76.4133346876502,41.2678736513807,-76.411812,41.295565,19,18.6666666664,1990.6666666664,1991,243
307,73,0.250000001,-79.1346762294009,38.1093094548306,-79.25109,38.109784,19,18.749999999,1990.749999999,1991,248
395,162,2.83333299960004,-78.3956948457656,38.5947466667179,-78.733447,38.090945,19.083333,16.2500000004,1988.2500000004,1991.083333,193
259,26,1.49999966730004,-78.8743286364031,39.9152544054746,-78.802711,39.783172,19.083333,17.5833333327,1989.5833333327,1991.083333,220
422,188,1.66666699989996,-79.8182171624672,38.7658050319844,-79.7727338837781,39.0827442178735,19.166667,17.5000000001,1989.5000000001,1991.166667,217
405,171,0.333333665899961,-79.6855614436092,38.0050290780125,-79.837535,38.139757,19.166667,18.8333333341,1990.8333333341,1991.166667,251
446,447,1.083333333,-79.5259187559865,39.9781146753064,-79.5977837201883,39.8371742572476,19.3333333334,18.2500000004,1990.2500000004,1991.3333333334,NA
299,64,2.33333366669996,-79.3370749221868,41.0331510645615,-79.2487946722003,41.0751657861371,19.416667,17.0833333333,1989.0833333333,1991.416667,204
396,163,2.3333333329,-78.3905215993492,38.2692594563158,-78.751748,37.106423,19.5,17.1666666671,1989.1666666671,1991.5,206
407,408,1.083333333,-79.1758324484992,37.5554821816613,-79.3350264689329,38.6806526425851,19.5833333334,18.5000000004,1990.5000000004,1991.5833333334,NA
428,430,3.416666667,-79.6325064475161,38.4949026953918,-78.4501848034273,38.1194723884069,19.5833333341,16.1666666671,1988.1666666671,1991.5833333341,NA
415,180,3.0833333332,-79.6338216931657,40.4992694889198,-74.198147,40.093978,19.75,16.6666666668,1988.6666666668,1991.75,196
427,193,2.9166666659,-79.4384867557372,38.4597463518605,-80.44954,37.970044,19.75,16.8333333341,1988.8333333341,1991.75,202
361,126,2.0000000003,-78.3787878479126,40.5744156182319,-78.35334,40.220881,20,17.9999999997,1989.9999999997,1992,226
260,27,1.41666633430004,-79.000901874222,38.9209875809639,-78.989338,38.895198,20.083333,18.6666666657,1990.6666666657,1992.083333,245
365,130,1.16666633330004,-78.2035796886636,40.7015727972225,-78.2821475851216,40.7212242721668,20.083333,18.9166666667,1990.9166666667,1992.083333,252
386,153,7.66666700066996,-78.3416441496868,35.4001222815136,-78.149607,35.592211,20.166667,12.49999999933,1984.49999999933,1992.166667,135
407,174,1.7499999996,-79.1758324484992,37.5554821816613,-79.1190352095945,37.6475177325336,20.25,18.5000000004,1990.5000000004,1992.25,239
422,423,2.75,-79.8182171624672,38.7658050319844,-79.0602072881056,38.6470895980963,20.2500000001,17.5000000001,1989.5000000001,1992.2500000001,NA
330,96,1.91666633397004,-79.1861843219309,39.3546626434007,-78.588198,38.371197,20.333333,18.41666666603,1990.41666666603,1992.333333,237
408,175,0.74999966660004,-79.3350264689329,38.6806526425851,-79.572205,38.536525,20.333333,19.5833333334,1991.5833333334,1992.333333,258
260,261,1.666666667,-79.000901874222,38.9209875809639,-79.024249311627,39.0119904407738,20.3333333327,18.6666666657,1990.6666666657,1992.3333333327,NA
439,206,2.83333366689996,-78.9000958526807,40.2601140945758,-78.98808,39.743211,20.416667,17.5833333331,1989.5833333331,1992.416667,218
256,23,8.74999966730004,-78.7743671347901,38.491449568777,-78.539451,35.813314,20.583333,11.8333333327,1983.8333333327,1992.583333,124
311,312,3.166666667,-78.4572292619422,42.0856544059221,-78.649067777765,42.0147166032547,20.5833333337,17.4166666667,1989.4166666667,1992.5833333337,NA
365,366,1.666666667,-78.2035796886636,40.7015727972225,-77.9843758038088,40.3884662995658,20.5833333337,18.9166666667,1990.9166666667,1992.5833333337,NA
423,424,0.416666666699999,-79.0602072881056,38.6470895980963,-79.0555520169639,38.6391665269678,20.6666666668,20.2500000001,1992.2500000001,1992.6666666668,NA
402,403,3.5,-79.1709882075395,37.6321131720939,-80.0501400207845,36.8823290310791,20.6666666671,17.1666666671,1989.1666666671,1992.6666666671,NA
239,240,2.666666667,-78.1445356448982,36.5328960453776,-76.9731122997133,39.626547268844,20.7499999997,18.0833333327,1990.0833333327,1992.7499999997,NA
370,136,5.0000000006,-76.3360742775024,40.944795466493,-76.227937,41.072997,20.75,15.7499999994,1987.7499999994,1992.75,181
330,95,2.33333333397,-79.1861843219309,39.3546626434007,-79.0587001308578,39.3676676837781,20.75,18.41666666603,1990.41666666603,1992.75,236
447,213,1.49999966660004,-79.5977837201883,39.8371742572476,-79.464865,39.969561,20.833333,19.3333333334,1991.3333333334,1992.833333,254
396,164,3.75000033289996,-78.3905215993492,38.2692594563158,-78.214382,38.463033,20.916667,17.1666666671,1989.1666666671,1992.916667,207
405,170,2.4166666659,-79.6855614436092,38.0050290780125,-79.554636,37.596321,21.25,18.8333333341,1990.8333333341,1993.25,250
309,76,8.74999966700004,-79.1412521156023,39.2919106157019,-79.6669729909489,39.6748492360276,21.333333,12.583333333,1984.583333333,1993.333333,137
242,244,7.833333333,-78.4447168170462,36.2472805384363,-78.4664891275893,35.8549716458545,21.3333333327,13.4999999997,1985.4999999997,1993.3333333327,NA
261,262,1,-79.024249311627,39.0119904407738,-78.960115055194,38.8175238885914,21.3333333327,20.3333333327,1992.3333333327,1993.3333333327,NA
311,322,4,-78.4572292619422,42.0856544059221,-78.5075254844918,42.5204849931642,21.4166666667,17.4166666667,1989.4166666667,1993.4166666667,NA
366,367,0.833333333300001,-77.9843758038088,40.3884662995658,-78.3389347816459,41.3658676451315,21.416666667,20.5833333337,1992.5833333337,1993.416666667,NA
342,346,3.25,-79.0755389407888,38.9295245810561,-78.9269858224481,39.2908934871575,21.4999999994,18.2499999994,1990.2499999994,1993.4999999994,NA
424,189,0.833333333200002,-79.0555520169639,38.6391665269678,-79.0263565401504,38.5160654604875,21.5,20.6666666668,1992.6666666668,1993.5,270
239,4,3.49999966730004,-78.1445356448982,36.5328960453776,-78.32401,36.631101,21.583333,18.0833333327,1990.0833333327,1993.583333,228
293,58,4.4999999997,-79.3289240188553,40.1681329865013,-79.548533,40.054154,21.75,17.2500000003,1989.2500000003,1993.75,210
262,264,0.5,-78.960115055194,38.8175238885914,-78.5969566323249,38.8885025629874,21.8333333327,21.3333333327,1993.3333333327,1993.8333333327,NA
346,347,0.333333333300001,-78.9269858224481,39.2908934871575,-78.9028463782677,39.412314799293,21.8333333327,21.4999999994,1993.4999999994,1993.8333333327,NA
367,132,0.50000033299996,-78.3389347816459,41.3658676451315,-78.826469,41.124567,21.916667,21.416666667,1993.416666667,1993.916667,280
343,344,3.5,-77.4654048081151,38.1330705850777,-78.4529310606752,38.4926317301885,21.9999999994,18.4999999994,1990.4999999994,1993.9999999994,NA
264,265,0.166666666699999,-78.5969566323249,38.8885025629874,-78.5835929444952,38.7485498449001,21.9999999994,21.8333333327,1993.8333333327,1993.9999999994,NA
362,128,3.41666633360004,-78.4161507732524,40.4925424287679,-79.1196489074543,40.0748626820567,22.083333,18.6666666664,1990.6666666664,1994.083333,247
428,429,5.916666667,-79.6325064475161,38.4949026953918,-77.7529894677041,38.5538039784884,22.0833333341,16.1666666671,1988.1666666671,1994.0833333341,NA
331,332,7.5,-79.1938351320816,39.5257484250044,-78.7072968153273,38.7330784191768,22.16666666603,14.66666666603,1986.66666666603,1994.16666666603,NA
244,247,0.916666666699999,-78.4664891275893,35.8549716458545,-78.5065040614499,35.7546775111459,22.2499999994,21.3333333327,1993.3333333327,1994.2499999994,NA
404,406,4.583333333,-79.2520197507929,37.7296861455461,-79.0380150519171,37.4080605530081,22.2500000001,17.6666666671,1989.6666666671,1994.2500000001,NA
261,266,2.083333333,-79.024249311627,39.0119904407738,-78.9225130671095,39.6037198315776,22.4166666657,20.3333333327,1992.3333333327,1994.4166666657,NA
400,167,7.75000033259996,-78.8972528717583,38.0399221160303,-79.23099,36.275222,22.416667,14.6666666674,1986.6666666674,1994.416667,171
367,133,1.083333333,-78.3389347816459,41.3658676451315,-78.374253,41.334707,22.5,21.416666667,1993.416666667,1994.5,281
417,183,6.00000033319996,-79.324171250341,39.0489162493822,-79.0836072567805,39.6032195302851,22.666667,16.6666666668,1988.6666666668,1994.666667,198
406,173,0.416666999899963,-79.0380150519171,37.4080605530081,-79.1100891007195,37.2932398384763,22.666667,22.2500000001,1994.2500000001,1994.666667,297
298,301,6.833333333,-79.2365776951876,40.7628826622961,-79.2812425342451,41.012832041343,22.8333333333,16.0000000003,1988.0000000003,1994.8333333333,NA
247,248,0.666666666699999,-78.5065040614499,35.7546775111459,-78.6309722674046,35.7508383609039,22.9166666661,22.2499999994,1994.2499999994,1994.9166666661,NA
332,335,0.833333333300001,-78.7072968153273,38.7330784191768,-78.7274992921431,38.7192476494382,22.99999999933,22.16666666603,1994.16666666603,1994.99999999933,NA
240,241,2.25,-76.9731122997133,39.626547268844,-76.9151156544836,39.8580426716283,22.9999999997,20.7499999997,1992.7499999997,1994.9999999997,NA
362,127,4.3333333336,-78.4161507732524,40.4925424287679,-78.7954717862967,40.4034215879281,23,18.6666666664,1990.6666666664,1995,246
312,313,2.416666667,-78.649067777765,42.0147166032547,-78.6164061483393,42.0692300268381,23.0000000007,20.5833333337,1992.5833333337,1995.0000000007,NA
445,455,5.416666667,-79.5304291692316,39.9252751361616,-79.5964513425637,39.5569055977406,23.0833333341,17.6666666671,1989.6666666671,1995.0833333341,NA
455,457,0.0833333333299997,-79.5964513425637,39.5569055977406,-79.5428199900282,39.6772470348161,23.16666666743,23.0833333341,1995.0833333341,1995.16666666743,NA
264,30,1.33333366729996,-78.5969566323249,38.8885025629874,-78.7634195046396,39.5432668262742,23.166667,21.8333333327,1993.8333333327,1995.166667,285
366,131,2.6666666663,-77.9843758038088,40.3884662995658,-77.595459,39.713937,23.25,20.5833333337,1992.5833333337,1995.25,266
335,101,0.250000000669999,-78.7274992921431,38.7192476494382,-78.7447404725963,38.7000616559238,23.25,22.99999999933,1994.99999999933,1995.25,312
240,5,2.58333300030004,-76.9731122997133,39.626547268844,-77.086414,39.978485,23.333333,20.7499999997,1992.7499999997,1995.333333,272
387,388,8.833333333,-78.6616039389654,35.0448116877483,-78.6650432689393,34.444710913554,23.33333333233,14.49999999933,1986.49999999933,1995.33333333233,NA
347,113,1.6666666673,-78.9028463782677,39.412314799293,-77.662194,38.926382,23.5,21.8333333327,1993.8333333327,1995.5,287
265,32,1.5000000006,-78.5835929444952,38.7485498449001,-78.4852434070352,39.1207180009988,23.5,21.9999999994,1993.9999999994,1995.5,291
248,13,0.583333333900001,-78.6309722674046,35.7508383609039,-78.648176,35.804804,23.5,22.9166666661,1994.9166666661,1995.5,307
439,440,6,-78.9000958526807,40.2601140945758,-79.3686128130419,39.518273631839,23.5833333331,17.5833333331,1989.5833333331,1995.5833333331,NA
266,267,1.25,-78.9225130671095,39.6037198315776,-79.0516107143134,39.5286377858272,23.6666666657,22.4166666657,1994.4166666657,1995.6666666657,NA
248,249,0.833333333300001,-78.6309722674046,35.7508383609039,-78.664148668922,35.5889095667353,23.7499999994,22.9166666661,1994.9166666661,1995.7499999994,NA
301,302,0.916666666699999,-79.2812425342451,41.012832041343,-79.3317060435918,40.9686061478261,23.75,22.8333333333,1994.8333333333,1995.75,NA
408,409,4.166666667,-79.3350264689329,38.6806526425851,-79.185405116805,39.0377804802382,23.7500000004,19.5833333334,1991.5833333334,1995.7500000004,NA
241,7,0.91666700029996,-76.9151156544836,39.8580426716283,-74.192115,40.065911,23.916667,22.9999999997,1994.9999999997,1995.916667,311
440,207,0.333333666899964,-79.3686128130419,39.518273631839,-79.3886154457556,39.6546117578475,23.916667,23.5833333331,1995.5833333331,1995.916667,321
267,34,0.250000334299962,-79.0516107143134,39.5286377858272,-79.063006184361,39.367477600961,23.916667,23.6666666657,1995.6666666657,1995.916667,325
249,14,0.2500000006,-78.664148668922,35.5889095667353,-78.633241,35.343969,24,23.7499999994,1995.7499999994,1996,330
429,195,1.99999966590004,-77.7529894677041,38.5538039784884,-77.795675,39.241009,24.083333,22.0833333341,1994.0833333341,1996.083333,292
429,196,1.99999966590004,-77.7529894677041,38.5538039784884,-77.895957,38.881469,24.083333,22.0833333341,1994.0833333341,1996.083333,293
440,441,0.5,-79.3686128130419,39.518273631839,-79.4574357928691,39.4567512413185,24.0833333331,23.5833333331,1995.5833333331,1996.0833333331,NA
244,245,2.916666667,-78.4664891275893,35.8549716458545,-78.3653697982015,35.6208142047249,24.2499999997,21.3333333327,1993.3333333327,1996.2499999997,NA
406,172,1.9999999999,-79.0380150519171,37.4080605530081,-79.183574,37.519663,24.25,22.2500000001,1994.2500000001,1996.25,296
301,67,1.49999966670004,-79.2812425342451,41.012832041343,-79.2455621304557,41.0729277843228,24.333333,22.8333333333,1994.8333333333,1996.333333,303
266,268,1.916666667,-78.9225130671095,39.6037198315776,-78.7471653316935,39.5050473300066,24.3333333327,22.4166666657,1994.4166666657,1996.3333333327,NA
441,442,0.25,-79.4574357928691,39.4567512413185,-79.3728597639046,39.4135265372684,24.3333333331,24.0833333331,1996.0833333331,1996.3333333331,NA
430,431,4.75,-78.4501848034273,38.1194723884069,-78.2671361205068,36.202892455279,24.3333333341,19.5833333341,1991.5833333341,1996.3333333341,NA
442,209,0.0833336668999642,-79.3728597639046,39.4135265372684,-79.363938,39.418311,24.416667,24.3333333331,1996.3333333331,1996.416667,343
347,348,2.75,-78.9028463782677,39.412314799293,-78.6834535097433,39.3321682310396,24.5833333327,21.8333333327,1993.8333333327,1996.5833333327,NA
446,450,6.333333333,-79.5259187559865,39.9781146753064,-79.4053722425874,39.6606590231011,24.5833333334,18.2500000004,1990.2500000004,1996.5833333334,NA
430,433,5,-78.4501848034273,38.1194723884069,-78.4770096658608,37.9255559253623,24.5833333341,19.5833333341,1991.5833333341,1996.5833333341,NA
409,410,0.916666666699999,-79.185405116805,39.0377804802382,-79.0892967091006,39.1844610748492,24.6666666671,23.7500000004,1995.7500000004,1996.6666666671,NA
450,217,0.0833336665999624,-79.4053722425874,39.6606590231011,-79.3859325345442,39.6476824430582,24.666667,24.5833333334,1996.5833333334,1996.666667,344
268,35,0.416666667299999,-78.7471653316935,39.5050473300066,-78.681275,39.683988,24.75,24.3333333327,1996.3333333327,1996.75,340
313,314,1.75,-78.6164061483393,42.0692300268381,-78.6821769598546,41.9925866455059,24.7500000007,23.0000000007,1995.0000000007,1996.7500000007,NA
431,432,0.5,-78.2671361205068,36.202892455279,-78.3763410646178,36.1435245911432,24.8333333341,24.3333333341,1996.3333333341,1996.8333333341,NA
427,194,8.08333366589996,-79.4384867557372,38.4597463518605,-79.283698,36.932451,24.916667,16.8333333341,1988.8333333341,1996.916667,203
424,190,4.41666633320004,-79.0555520169639,38.6391665269678,-79.072137,38.756705,25.083333,20.6666666668,1992.6666666668,1997.083333,271
403,168,4.41666633290004,-80.0501400207845,36.8823290310791,-80.39134,38.283198,25.083333,20.6666666671,1992.6666666671,1997.083333,268
268,269,0.75,-78.7471653316935,39.5050473300066,-78.0241027772691,39.8295188656418,25.0833333327,24.3333333327,1996.3333333327,1997.0833333327,NA
332,333,3,-78.7072968153273,38.7330784191768,-78.4947455433129,38.2403033024631,25.16666666603,22.16666666603,1994.16666666603,1997.16666666603,NA
247,251,2.916666667,-78.5065040614499,35.7546775111459,-78.3649987076781,35.6568307370374,25.1666666664,22.2499999994,1994.2499999994,1997.1666666664,NA
245,246,0.916666666699999,-78.3653697982015,35.6208142047249,-78.3292407400919,35.5714092917961,25.1666666664,24.2499999997,1996.2499999997,1997.1666666664,NA
410,178,0.666666332900039,-79.0892967091006,39.1844610748492,-79.025004,39.130989,25.333333,24.6666666671,1996.6666666671,1997.333333,351
269,37,0.249999667300038,-78.0241027772691,39.8295188656418,-76.404753,39.204999,25.333333,25.0833333327,1997.0833333327,1997.333333,359
314,315,0.583333333300001,-78.6821769598546,41.9925866455059,-78.7018222745188,42.1848044429721,25.333333334,24.7500000007,1996.7500000007,1997.333333334,NA
339,340,7.416666667,-79.0673168132224,38.7308287396675,-78.0996212238346,41.7283075295319,25.4999999997,18.0833333327,1990.0833333327,1997.4999999997,NA
450,451,1,-79.4053722425874,39.6606590231011,-79.327229578403,40.1456648887748,25.5833333334,24.5833333334,1996.5833333334,1997.5833333334,NA
432,198,0.833333665899961,-78.3763410646178,36.1435245911432,-78.280748,35.807826,25.666667,24.8333333341,1996.8333333341,1997.666667,356
269,36,0.583333667299961,-78.0241027772691,39.8295188656418,-78.010607,39.785182,25.666667,25.0833333327,1997.0833333327,1997.666667,358
251,17,0.50000033359996,-78.3649987076781,35.6568307370374,-78.394873,35.639566,25.666667,25.1666666664,1997.1666666664,1997.666667,361
431,197,1.4166666659,-78.2671361205068,36.202892455279,-78.048528025447,37.2183762017381,25.75,24.3333333341,1996.3333333341,1997.75,339
457,458,2.833333333,-79.5428199900282,39.6772470348161,-78.7712739873389,39.0329004457034,26.00000000043,23.16666666743,1995.16666666743,1998.00000000043,NA
455,456,2.916666667,-79.5964513425637,39.5569055977406,-79.0709474353292,40.2627427432077,26.0000000011,23.0833333341,1995.0833333341,1998.0000000011,NA
241,6,3.08333300030004,-76.9151156544836,39.8580426716283,-76.608159,39.898392,26.083333,22.9999999997,1994.9999999997,1998.083333,310
348,349,1.5,-78.6834535097433,39.3321682310396,-78.6205885813296,39.2281866584753,26.0833333327,24.5833333327,1996.5833333327,1998.0833333327,NA
447,448,6.833333333,-79.5977837201883,39.8371742572476,-79.1758362919472,39.9149516621403,26.1666666664,19.3333333334,1991.3333333334,1998.1666666664,NA
246,12,1.00000033359996,-78.3292407400919,35.5714092917961,-78.346837,35.408745,26.166667,25.1666666664,1997.1666666664,1998.166667,365
403,169,5.5833333329,-80.0501400207845,36.8823290310791,-79.763352,36.937577,26.25,20.6666666671,1992.6666666671,1998.25,269
267,33,2.5833333343,-79.0516107143134,39.5286377858272,-79.343405,39.183837,26.25,23.6666666657,1995.6666666657,1998.25,324
433,200,1.74999966590004,-78.4770096658608,37.9255559253623,-78.34258,39.621029,26.333333,24.5833333341,1996.5833333341,1998.333333,348
262,263,5,-78.960115055194,38.8175238885914,-79.2816885157094,38.4335891681399,26.3333333327,21.3333333327,1993.3333333327,1998.3333333327,NA
251,252,1.25,-78.3649987076781,35.6568307370374,-78.4200324270037,35.6166565668917,26.4166666664,25.1666666664,1997.1666666664,1998.4166666664,NA
322,323,5,-78.5075254844918,42.5204849931642,-78.5044420025588,43.3577525593679,26.4166666667,21.4166666667,1993.4166666667,1998.4166666667,NA
433,434,1.833333333,-78.4770096658608,37.9255559253623,-78.4336716791359,38.427050219827,26.4166666671,24.5833333341,1996.5833333341,1998.4166666671,NA
371,372,8.083333333,-76.4133346876502,41.2678736513807,-77.9660976931013,40.7617080729045,26.7499999994,18.6666666664,1990.6666666664,1998.7499999994,NA
302,303,3,-79.3317060435918,40.9686061478261,-79.2702848029172,41.3019896290773,26.75,23.75,1995.75,1998.75,NA
456,224,0.749999998899998,-79.0709474353292,40.2627427432077,-79.0430181066651,40.2198605115126,26.75,26.0000000011,1998.0000000011,1998.75,377
323,324,0.333333333300001,-78.5044420025588,43.3577525593679,-78.4885879404938,43.4879008023713,26.75,26.4166666667,1998.4166666667,1998.75,NA
246,11,1.75000033359996,-78.3292407400919,35.5714092917961,-78.4638819406046,36.0839877214268,26.916667,25.1666666664,1997.1666666664,1998.916667,364
451,452,1.416666667,-79.327229578403,40.1456648887748,-79.4195579581957,39.3214586651468,27.0000000004,25.5833333334,1997.5833333334,1999.0000000004,NA
313,318,4,-78.6164061483393,42.0692300268381,-78.717728409856,41.7547814862056,27.0000000007,23.0000000007,1995.0000000007,1999.0000000007,NA
346,350,5.75,-78.9269858224481,39.2908934871575,-78.9620873909787,39.2493507768348,27.2499999994,21.4999999994,1993.4999999994,1999.2499999994,NA
388,389,4,-78.6650432689393,34.444710913554,-78.603956022047,34.1987059371501,27.33333333233,23.33333333233,1995.33333333233,1999.33333333233,NA
340,341,1.833333333,-78.0996212238346,41.7283075295319,-78.2350880200699,41.4430121940927,27.3333333327,25.4999999997,1997.4999999997,1999.3333333327,NA
333,334,2.166666667,-78.4947455433129,38.2403033024631,-78.5824793413167,38.1157480072666,27.33333333303,25.16666666603,1997.16666666603,1999.33333333303,NA
252,253,1,-78.4200324270037,35.6166565668917,-78.4352142618374,35.6459575732132,27.4166666664,26.4166666664,1998.4166666664,1999.4166666664,NA
448,449,1.416666667,-79.1758362919472,39.9149516621403,-79.6302581663822,40.1969443238905,27.5833333334,26.1666666664,1998.1666666664,1999.5833333334,NA
335,336,4.666666667,-78.7274992921431,38.7192476494382,-78.878148976453,37.8920846466134,27.66666666633,22.99999999933,1994.99999999933,1999.66666666633,NA
349,116,1.6666666673,-78.6205885813296,39.2281866584753,-78.387846,39.2543,27.75,26.0833333327,1998.0833333327,1999.75,381
442,208,3.49999966690004,-79.3728597639046,39.4135265372684,-79.0841651422865,39.599151918785,27.833333,24.3333333331,1996.3333333331,1999.833333,366
348,114,3.24999966730004,-78.6834535097433,39.3321682310396,-78.641631,39.447827,27.833333,24.5833333327,1996.5833333327,1999.833333,347
441,443,3.833333333,-79.4574357928691,39.4567512413185,-79.3724169321375,39.4759696924978,27.9166666661,24.0833333331,1996.0833333331,1999.9166666661,NA
295,296,12.66666667,-79.1972658130105,40.187073215226,-79.2731217915495,40.2620775389099,27.9166666703,15.2500000003,1987.2500000003,1999.9166666703,NA
302,68,4.16666699999996,-79.3317060435918,40.9686061478261,-79.5314303111372,41.1616541013093,27.916667,23.75,1995.75,1999.916667,329
296,62,3.29699958001584e-07,-79.2731217915495,40.2620775389099,-79.273069,40.262083,27.916667,27.9166666703,1999.9166666703,1999.916667,425
344,110,6.0000000006,-78.4529310606752,38.4926317301885,-78.621062,38.607074,28,21.9999999994,1993.9999999994,2000,288
340,106,2.5000000003,-78.0996212238346,41.7283075295319,-78.302981,41.967023,28,25.4999999997,1997.4999999997,2000,370
443,210,0.0833333339000042,-79.3724169321375,39.4759696924978,-79.1941720852609,39.9328074313381,28,27.9166666661,1999.9166666661,2000,426
315,316,2.666666667,-78.7018222745188,42.1848044429721,-79.0784829619668,42.008015762828,28.000000001,25.333333334,1997.333333334,2000.000000001,NA
372,138,1.33333300060004,-77.9660976931013,40.7617080729045,-77.886312,40.621176,28.083333,26.7499999994,1998.7499999994,2000.083333,392
316,80,0.0833329990000351,-79.0784829619668,42.008015762828,-79.074838,42.042871,28.083333,28.000000001,2000.000000001,2000.083333,429
253,254,0.75,-78.4352142618374,35.6459575732132,-78.4254541369881,35.5521481098206,28.1666666664,27.4166666664,1999.4166666664,2000.1666666664,NA
315,317,2.833333333,-78.7018222745188,42.1848044429721,-78.722310600406,42.3218906070572,28.166666667,25.333333334,1997.333333334,2000.166666667,NA
389,157,0.833333667669962,-78.603956022047,34.1987059371501,-78.435356,33.552748,28.166667,27.33333333233,1999.33333333233,2000.166667,407
449,215,0.583333666599962,-79.6302581663822,40.1969443238905,-79.765348,39.755244,28.166667,27.5833333334,1999.5833333334,2000.166667,416
344,345,6.333333333,-78.4529310606752,38.4926317301885,-79.7616141261668,38.1859683708577,28.3333333324,21.9999999994,1993.9999999994,2000.3333333324,NA
457,459,5.25,-79.5428199900282,39.6772470348161,-79.4447641706466,39.4105843223048,28.41666666743,23.16666666743,1995.16666666743,2000.41666666743,NA
318,320,1.416666667,-78.717728409856,41.7547814862056,-78.8278480777401,41.8223038500571,28.4166666677,27.0000000007,1999.0000000007,2000.4166666677,NA
432,199,3.58333366589996,-78.3763410646178,36.1435245911432,-78.521464,36.426741,28.416667,24.8333333341,1996.8333333341,2000.416667,357
312,77,7.9166666663,-78.649067777765,42.0147166032547,-78.663459,41.29873,28.5,20.5833333337,1992.5833333337,2000.5,265
314,78,3.7499999993,-78.6821769598546,41.9925866455059,-78.686196,41.891162,28.5,24.7500000007,1996.7500000007,2000.5,353
303,70,1.83333300000004,-79.2702848029172,41.3019896290773,-79.527550069018,41.1626101506065,28.583333,26.75,1998.75,2000.583333,395
336,337,1,-78.878148976453,37.8920846466134,-78.0930174722345,37.2126031129759,28.66666666633,27.66666666633,1999.66666666633,2000.66666666633,NA
423,425,8.416666667,-79.0602072881056,38.6470895980963,-78.5177567977379,35.9380658760049,28.6666666671,20.2500000001,1992.2500000001,2000.6666666671,NA
263,28,2.33333366729996,-79.2816885157094,38.4335891681399,-79.316311,38.949427,28.666667,26.3333333327,1998.3333333327,2000.666667,443
425,191,3.3289996537178e-07,-78.5177567977379,35.9380658760049,-78.517727,35.938076,28.666667,28.6666666671,2000.6666666671,2000.666667,444
451,218,3.1666666666,-79.327229578403,40.1456648887748,-79.2846864524201,40.0236474983656,28.75,25.5833333334,1997.5833333334,2000.75,372
296,61,0.916666329700036,-79.2731217915495,40.2620775389099,-79.436836,40.202166,28.833333,27.9166666703,1999.9166666703,2000.833333,440
350,351,1.583333333,-78.9620873909787,39.2493507768348,-78.9761815046533,41.0408090103688,28.8333333324,27.2499999994,1999.2499999994,2000.8333333324,NA
409,176,5.16666699959996,-79.185405116805,39.0377804802382,-80.095138,38.882562,28.916667,23.7500000004,1995.7500000004,2000.916667,326
245,10,4.66666700029996,-78.3653697982015,35.6208142047249,-77.140591,39.225487,28.916667,24.2499999997,1996.2499999997,2000.916667,337
252,18,2.50000033359996,-78.4200324270037,35.6166565668917,-78.481945,35.955279,28.916667,26.4166666664,1998.4166666664,2000.916667,391
303,69,2.16666699999996,-79.2702848029172,41.3019896290773,-79.406114,41.004786,28.916667,26.75,1998.75,2000.916667,394
307,308,10.25,-79.1346762294009,38.1093094548306,-79.2983976674204,37.7689206736457,28.999999999,18.749999999,1990.749999999,2000.999999999,NA
349,115,2.9166666673,-78.6205885813296,39.2281866584753,-78.971394,39.506212,29,26.0833333327,1998.0833333327,2001,380
324,325,2.25,-78.4885879404938,43.4879008023713,-78.4305819366323,43.5977753540566,29,26.75,1998.75,2001,NA
336,102,1.33333333367,-78.878148976453,37.8920846466134,-78.82655,37.577755,29,27.66666666633,1999.66666666633,2001,418
320,321,0.583333333300001,-78.8278480777401,41.8223038500571,-78.7559352574587,41.8182788614469,29.000000001,28.4166666677,2000.4166666677,2001.000000001,NA
345,111,0.74999966760004,-79.7616141261668,38.1859683708577,-79.746226,38.268241,29.083333,28.3333333324,2000.3333333324,2001.083333,434
321,86,0.0833329990000351,-78.7559352574587,41.8182788614469,-78.737882,41.75173,29.083333,29.000000001,2001.000000001,2001.083333,456
318,319,2.166666667,-78.717728409856,41.7547814862056,-78.8310825572104,41.9090128895106,29.1666666677,27.0000000007,1999.0000000007,2001.1666666677,NA
448,214,3.00000033359996,-79.1758362919472,39.9149516621403,-79.11305060821,40.0802297302041,29.166667,26.1666666664,1998.1666666664,2001.166667,383
254,19,1.0833333336,-78.4254541369881,35.5521481098206,-78.451267,34.888655,29.25,28.1666666664,2000.1666666664,2001.25,432
337,103,0.583333333669998,-78.0930174722345,37.2126031129759,-78.0458079045049,37.2231682732521,29.25,28.66666666633,2000.66666666633,2001.25,446
337,338,0.666666666699999,-78.0930174722345,37.2126031129759,-78.0313385856427,37.0949751753852,29.33333333303,28.66666666633,2000.66666666633,2001.33333333303,NA
319,84,0.250000332299958,-78.8310825572104,41.9090128895106,-78.768761,42.54491,29.416667,29.1666666677,2001.1666666677,2001.416667,461
351,352,0.666666666699999,-78.9761815046533,41.0408090103688,-78.8188498577311,41.0691885354647,29.4999999991,28.8333333324,2000.8333333324,2001.4999999991,NA
249,250,5.75,-78.664148668922,35.5889095667353,-78.7528348613484,35.3106420489138,29.4999999994,23.7499999994,1995.7499999994,2001.4999999994,NA
322,88,8.0833333333,-78.5075254844918,42.5204849931642,-77.990729,42.788334,29.5,21.4166666667,1993.4166666667,2001.5,278
325,326,0.5,-78.4305819366323,43.5977753540566,-78.4113167662969,43.3371298139165,29.5,29,2001,2001.5,NA
458,225,3.58333299957004,-78.7712739873389,39.0329004457034,-78.430705,39.486345,29.583333,26.00000000043,1998.00000000043,2001.583333,378
325,91,0.583333000000039,-78.4305819366323,43.5977753540566,-78.463919,43.60857,29.583333,29,2001,2001.583333,454
452,453,2.75,-79.4195579581957,39.3214586651468,-79.2225413512886,38.5432923697856,29.7500000004,27.0000000004,1999.0000000004,2001.7500000004,NA
459,460,1.333333333,-79.4447641706466,39.4105843223048,-79.4122871918116,39.5912893181574,29.75000000043,28.41666666743,2000.41666666743,2001.75000000043,NA
334,99,2.49999966697004,-78.5824793413167,38.1157480072666,-78.206523,38.226049,29.833333,27.33333333303,1999.33333333303,2001.833333,408
265,31,8.0000000006,-78.5835929444952,38.7485498449001,-79.6747386623824,39.6734406145849,30,21.9999999994,1993.9999999994,2002,290
456,223,3.9999999989,-79.0709474353292,40.2627427432077,-79.121484,40.314978,30,26.0000000011,1998.0000000011,2002,413
341,107,2.6666666673,-78.2350880200699,41.4430121940927,-78.269841,41.58647,30,27.3333333327,1999.3333333327,2002,410
434,202,3.66666633290004,-78.4336716791359,38.427050219827,-78.366773,37.456902,30.083333,26.4166666671,1998.4166666671,2002.083333,389
254,20,1.91666633360004,-78.4254541369881,35.5521481098206,-78.371307,35.670896,30.083333,28.1666666664,2000.1666666664,2002.083333,450
352,118,0.583333000900041,-78.8188498577311,41.0691885354647,-78.872525,41.224816,30.083333,29.4999999991,2001.4999999991,2002.083333,471
352,353,0.583333333300001,-78.8188498577311,41.0691885354647,-78.8790864032536,40.8359656847638,30.0833333324,29.4999999991,2001.4999999991,2002.0833333324,NA
253,255,2.833333333,-78.4352142618374,35.6459575732132,-78.338500941199,35.4426562644052,30.2499999994,27.4166666664,1999.4166666664,2002.2499999994,NA
338,104,0.916666666969998,-78.0313385856427,37.0949751753852,-78.246514,36.341916,30.25,29.33333333303,2001.33333333303,2002.25,464
326,327,0.75,-78.4113167662969,43.3371298139165,-78.4262828949321,43.5134160397264,30.25,29.5,2001.5,2002.25,NA
460,228,0.58333299957004,-79.4122871918116,39.5912893181574,-79.47973,39.737862,30.333333,29.75000000043,2001.75000000043,2002.333333,477
326,92,1,-78.4113167662969,43.3371298139165,-78.418191,43.33116,30.5,29.5,2001.5,2002.5,489
323,89,4.16666633330004,-78.5044420025588,43.3577525593679,-78.421889,43.467355,30.583333,26.4166666667,1998.4166666667,2002.583333,386
351,354,1.916666667,-78.9761815046533,41.0408090103688,-78.8623678233064,41.7439583549882,30.7499999994,28.8333333324,2000.8333333324,2002.7499999994,NA
341,108,3.4166666673,-78.2350880200699,41.4430121940927,-78.61599,41.433311,30.75,27.3333333327,1999.3333333327,2002.75,411
443,211,2.8333333339,-79.3724169321375,39.4759696924978,-79.56899,39.822876,30.75,27.9166666661,1999.9166666661,2002.75,427
458,226,4.83333299957004,-78.7712739873389,39.0329004457034,-78.823635,39.173005,30.833333,26.00000000043,1998.00000000043,2002.833333,379
317,82,2.66666633300004,-78.722310600406,42.3218906070572,-78.8356265691203,42.0538772263841,30.833333,28.166666667,2000.166666667,2002.833333,431
353,119,0.74999966760004,-78.8790864032536,40.8359656847638,-79.028512,40.698347,30.833333,30.0833333324,2002.0833333324,2002.833333,478
453,454,1.083333333,-79.2225413512886,38.5432923697856,-79.2991928755694,38.5653437028457,30.8333333334,29.7500000004,2001.7500000004,2002.8333333334,NA
460,461,1.25,-79.4122871918116,39.5912893181574,-79.5772250046339,39.4635026405352,31.00000000043,29.75000000043,2001.75000000043,2003.00000000043,NA
354,355,0.416666666699999,-78.8623678233064,41.7439583549882,-78.8164745807555,41.6736904098084,31.1666666661,30.7499999994,2002.7499999994,2003.1666666661,NA
263,29,4.83333366729996,-79.2816885157094,38.4335891681399,-79.736402,38.858259,31.166667,26.3333333327,1998.3333333327,2003.166667,385
372,139,4.41666700059996,-77.9660976931013,40.7617080729045,-77.7514,39.811264,31.166667,26.7499999994,1998.7499999994,2003.166667,393
308,74,2.16666700099996,-79.2983976674204,37.7689206736457,-79.1208043962992,37.6433256668695,31.166667,28.999999999,2000.999999999,2003.166667,452
354,121,0.416667000599961,-78.8623678233064,41.7439583549882,-78.8595829890194,41.8110457000314,31.166667,30.7499999994,2002.7499999994,2003.166667,499
459,227,2.83333333257,-79.4447641706466,39.4105843223048,-79.576256,39.593128,31.25,28.41666666743,2000.41666666743,2003.25,439
308,75,2.250000001,-79.2983976674204,37.7689206736457,-79.627922,37.819633,31.25,28.999999999,2000.999999999,2003.25,453
461,462,0.416666666699999,-79.5772250046339,39.4635026405352,-79.6590789825732,39.3626804232751,31.41666666713,31.00000000043,2003.00000000043,2003.41666666713,NA
410,177,6.8333333329,-79.0892967091006,39.1844610748492,-78.86865,38.798352,31.5,24.6666666671,1996.6666666671,2003.5,350
434,201,5.0833333329,-78.4336716791359,38.427050219827,-78.620381,37.136425,31.5,26.4166666671,1998.4166666671,2003.5,388
317,81,3.333333333,-78.722310600406,42.3218906070572,-78.423862,42.213839,31.5,28.166666667,2000.166666667,2003.5,430
388,155,8.24999966767004,-78.6650432689393,34.444710913554,-78.605287,30.48078,31.583333,23.33333333233,1995.33333333233,2003.583333,466
452,219,4.58333299960004,-79.4195579581957,39.3214586651468,-79.610949,38.766811,31.583333,27.0000000004,1999.0000000004,2003.583333,481
389,156,4.24999966767004,-78.603956022047,34.1987059371501,-78.427934,34.143653,31.583333,27.33333333233,1999.33333333233,2003.583333,406
324,90,4.91666699999996,-78.4885879404938,43.4879008023713,-78.716217,41.995873,31.666667,26.75,1998.75,2003.666667,490
334,100,4.33333366696996,-78.5824793413167,38.1157480072666,-79.185161,39.700843,31.666667,27.33333333303,1999.33333333303,2003.666667,513
255,22,1.41666700059996,-78.338500941199,35.4426562644052,-78.3728310192933,35.3227961527802,31.666667,30.2499999994,2002.2499999994,2003.666667,485
461,229,0.749999999570001,-79.5772250046339,39.4635026405352,-79.572234,39.365115,31.75,31.00000000043,2003.00000000043,2003.75,505
355,123,0.583333333900001,-78.8164745807555,41.6736904098084,-78.8575642145703,41.8162930644207,31.75,31.1666666661,2003.1666666661,2003.75,509
345,112,3.49999966760004,-79.7616141261668,38.1859683708577,-80.173123,38.534157,31.833333,28.3333333324,2000.3333333324,2003.833333,435
425,192,3.16666633290004,-78.5177567977379,35.9380658760049,-78.810792,35.692739,31.833333,28.6666666671,2000.6666666671,2003.833333,517
454,222,0.99999966660004,-79.2991928755694,38.5653437028457,-79.5526138545252,39.1341276924458,31.833333,30.8333333334,2002.8333333334,2003.833333,503
355,122,0.666666333900039,-78.8164745807555,41.6736904098084,-78.9608,42.104361,31.833333,31.1666666661,2003.1666666661,2003.833333,508
462,463,0.416666666699999,-79.6590789825732,39.3626804232751,-79.6970561188377,39.3675876518895,31.83333333383,31.41666666713,2003.41666666713,2003.83333333383,NA
350,117,4.66666700059996,-78.9620873909787,39.2493507768348,-77.549401,39.280399,31.916667,27.2499999994,1999.2499999994,2003.916667,405
338,105,2.66666666697,-78.0313385856427,37.0949751753852,-78.292623,37.60107,32,29.33333333303,2001.33333333303,2004,465
453,220,2.2499999996,-79.2225413512886,38.5432923697856,-79.0299821733391,38.5236259942691,32,29.7500000004,2001.7500000004,2004,494
353,120,1.9166666676,-78.8790864032536,40.8359656847638,-78.54079,40.566378,32,30.0833333324,2002.0833333324,2004,483
327,93,1.75,-78.4262828949321,43.5134160397264,-78.461957,44.063356,32,30.25,2002.25,2004,507
333,98,6.91666633397004,-78.4947455433129,38.2403033024631,-78.491972,37.172273,32.083333,25.16666666603,1997.16666666603,2004.083333,511
327,94,1.83333300000004,-78.4262828949321,43.5134160397264,-78.513797555098,43.1178983460437,32.083333,30.25,2002.25,2004.083333,487
462,230,0.66666633287004,-79.6590789825732,39.3626804232751,-79.6759757689774,39.2264644558581,32.083333,31.41666666713,2003.41666666713,2004.083333,518
250,15,2.66666700059996,-78.7528348613484,35.3106420489138,-78.4627753613252,36.0878170376076,32.166667,29.4999999994,2001.4999999994,2004.166667,468
463,231,0.333333666169963,-79.6970561188377,39.3675876518895,-79.6719639307398,39.2197724688504,32.166667,31.83333333383,2003.83333333383,2004.166667,536
321,87,3.249999999,-78.7559352574587,41.8182788614469,-78.849558,41.468805,32.25,29.000000001,2001.000000001,2004.25,457
454,221,1.4166666666,-79.2991928755694,38.5653437028457,-79.0608793456558,39.3713180949374,32.25,30.8333333334,2002.8333333334,2004.25,523
250,16,2.83333300060004,-78.7528348613484,35.3106420489138,-78.867728,36.377945,32.333333,29.4999999994,2001.4999999994,2004.333333,469
255,21,2.16666700059996,-78.338500941199,35.4426562644052,-78.331136,35.951355,32.416667,30.2499999994,2002.2499999994,2004.416667,484
463,232,0.583333666169963,-79.6970561188377,39.3675876518895,-79.783313,39.306425,32.416667,31.83333333383,2003.83333333383,2004.416667,537
449,216,4.99999966660004,-79.6302581663822,40.1969443238905,-79.747167,39.98616,32.583333,27.5833333334,1999.5833333334,2004.583333,421
316,79,4.58333299900004,-79.0784829619668,42.008015762828,-78.5198456234409,43.1257990000727,32.583333,28.000000001,2000.000000001,2004.583333,538
320,85,4.16666633230004,-78.8278480777401,41.8223038500571,-78.8371623672374,42.0562525145456,32.583333,28.4166666677,2000.4166666677,2004.583333,437
319,83,3.53333333230004,-78.8310825572104,41.9090128895106,-78.8594792634754,41.8162055544716,32.7,29.1666666677,2001.1666666677,2004.7,460
