node1,node2,length,startLon,startLat,endLon,endLat,endNodeL,startNodeL,startYear,endYear,tipLabel
241,242,4.75,-78.671085530534,38.4205310012291,-78.9147559463477,39.094408613101,4.75,0,1971.999999999,1976.749999999,NA
241,265,1.166666667,-78.671085530534,38.4205310012291,-78.9414584409083,38.4093921473422,1.166666667,0,1971.999999999,1973.166666666,NA
265,266,0.166666666699999,-78.9414584409083,38.4093921473422,-79.0136892968982,38.4177212460515,1.3333333337,1.166666667,1973.166666666,1973.3333333327,NA
265,294,0.25,-78.9414584409083,38.4093921473422,-78.8660094570701,38.5090631826053,1.416666667,1.166666667,1973.166666666,1973.416666666,NA
294,305,0.0833333333299997,-78.8660094570701,38.5090631826053,-78.6474315341028,38.6553143993615,1.50000000033,1.416666667,1973.416666666,1973.49999999933,NA
294,295,0.75,-78.8660094570701,38.5090631826053,-78.1109414084116,38.5034794689695,2.166666667,1.416666667,1973.416666666,1974.166666666,NA
305,306,1.166666667,-78.6474315341028,38.6553143993615,-77.9573136546744,38.5066462529326,2.66666666733,1.50000000033,1973.49999999933,1974.66666666633,NA
305,362,1.333333333,-78.6474315341028,38.6553143993615,-78.9478311197294,38.6468650238926,2.83333333333,1.50000000033,1973.49999999933,1974.83333333233,NA
362,363,0.0833333333299997,-78.9478311197294,38.6468650238926,-78.8925611342822,38.6992015110957,2.91666666666,2.83333333333,1974.83333333233,1974.91666666566,NA
363,391,0.0833333333299997,-78.8925611342822,38.6992015110957,-78.5725580702777,38.5783764668658,2.99999999999,2.91666666666,1974.91666666566,1974.99999999899,NA
266,276,2.083333333,-79.0136892968982,38.4177212460515,-78.9071803179777,38.4826187399772,3.4166666667,1.3333333337,1973.3333333327,1975.4166666657,NA
363,364,1.083333333,-78.8925611342822,38.6992015110957,-78.6712775822646,39.0466951479701,3.99999999966,2.91666666666,1974.91666666566,1975.99999999866,NA
306,332,1.416666667,-77.9573136546744,38.5066462529326,-78.1868225334719,40.1638381923696,4.08333333433,2.66666666733,1974.66666666633,1976.08333333333,NA
332,336,0.166666666700003,-78.1868225334719,40.1638381923696,-78.1977290700918,40.1870094768306,4.25000000103,4.08333333433,1976.08333333333,1976.25000000003,NA
332,333,0.333333333300001,-78.1868225334719,40.1638381923696,-78.2913730017419,40.1218869916349,4.41666666763,4.08333333433,1976.08333333333,1976.41666666663,NA
295,296,2.333333333,-78.1109414084116,38.5034794689695,-78.4079766230745,38.6467235124408,4.5,2.166666667,1974.166666666,1976.499999999,NA
362,445,1.75,-78.9478311197294,38.6468650238926,-79.3371433569339,38.1307486688315,4.58333333333,2.83333333333,1974.83333333233,1976.58333333233,NA
336,345,0.916666666699999,-78.1977290700918,40.1870094768306,-78.9846049440027,40.4508016342325,5.16666666773,4.25000000103,1976.25000000003,1977.16666666673,NA
276,277,1.916666667,-78.9071803179777,38.4826187399772,-79.2408593480333,38.2219747069065,5.3333333337,3.4166666667,1975.4166666657,1977.3333333327,NA
242,254,0.75,-78.9147559463477,39.094408613101,-79.0249893061409,38.9871946608545,5.5,4.75,1976.749999999,1977.499999999,NA
266,267,4.166666667,-79.0136892968982,38.4177212460515,-79.1854211198794,38.0960498516925,5.5000000007,1.3333333337,1973.3333333327,1977.4999999997,NA
296,297,1.833333333,-78.4079766230745,38.6467235124408,-78.4655150565015,38.1811715205316,6.333333333,4.5,1976.499999999,1978.333333332,NA
391,392,3.583333333,-78.5725580702777,38.5783764668658,-77.5356612584836,37.693747119928,6.58333333299,2.99999999999,1974.99999999899,1978.58333333199,NA
445,446,2,-79.3371433569339,38.1307486688315,-79.0988303430324,37.8375488626152,6.58333333333,4.58333333333,1976.58333333233,1978.58333333233,NA
364,365,3,-78.6712775822646,39.0466951479701,-77.7784527851599,39.0316318742013,6.99999999966,3.99999999966,1975.99999999866,1978.99999999866,NA
336,337,2.75,-78.1977290700918,40.1870094768306,-78.2935160952639,40.0572401540403,7.00000000103,4.25000000103,1976.25000000003,1979.00000000003,NA
365,376,0.166666666700003,-77.7784527851599,39.0316318742013,-77.66203137832,39.0288030695109,7.16666666636,6.99999999966,1978.99999999866,1979.16666666536,NA
392,423,0.75,-77.5356612584836,37.693747119928,-77.6005384704809,37.5532776904079,7.33333333299,6.58333333299,1978.58333333199,1979.33333333199,NA
445,447,2.916666667,-79.3371433569339,38.1307486688315,-78.4094687396792,39.071675246689,7.50000000033,4.58333333333,1976.58333333233,1979.49999999933,NA
254,256,2.083333333,-79.0249893061409,38.9871946608545,-79.08768231354,39.0239318964811,7.583333333,5.5,1977.499999999,1979.583333332,NA
376,381,0.416666666699999,-77.66203137832,39.0288030695109,-78.3768775640522,39.2243053468856,7.58333333306,7.16666666636,1979.16666666536,1979.58333333206,NA
392,393,1.333333333,-77.5356612584836,37.693747119928,-77.2178448062838,37.87599974846,7.91666666599,6.58333333299,1978.58333333199,1979.91666666499,NA
345,349,2.75,-78.9846049440027,40.4508016342325,-79.0165445726176,40.2836540836189,7.91666666773,5.16666666773,1977.16666666673,1979.91666666673,NA
333,334,3.583333333,-78.2913730017419,40.1218869916349,-78.2158866130834,40.1844737911959,8.00000000063,4.41666666763,1976.41666666663,1979.99999999963,NA
376,377,0.916666666699999,-77.66203137832,39.0288030695109,-77.6299124820874,38.8789687738311,8.08333333306,7.16666666636,1979.16666666536,1980.08333333206,NA
349,350,0.583333333300001,-79.0165445726176,40.2836540836189,-78.9742726432523,40.0665527006793,8.50000000103,7.91666666773,1979.91666666673,1980.50000000003,NA
242,243,3.916666667,-78.9147559463477,39.094408613101,-79.3421455634945,38.8169366503465,8.666666667,4.75,1976.749999999,1980.666666666,NA
297,298,2.416666667,-78.4655150565015,38.1811715205316,-78.142061864416,38.2184670265519,8.75,6.333333333,1978.333333332,1980.749999999,NA
447,448,1.333333333,-78.4094687396792,39.071675246689,-78.4330770121519,38.6645783382846,8.83333333333,7.50000000033,1979.49999999933,1980.83333333233,NA
306,307,6.333333333,-77.9573136546744,38.5066462529326,-78.5914495472668,37.9904017927809,9.00000000033,2.66666666733,1974.66666666633,1980.99999999933,NA
267,268,3.666666667,-79.1854211198794,38.0960498516925,-79.7766984189137,37.8557357577642,9.1666666677,5.5000000007,1977.4999999997,1981.1666666667,NA
393,396,1.333333333,-77.2178448062838,37.87599974846,-76.9012291933079,38.0081670030881,9.24999999899,7.91666666599,1979.91666666499,1981.24999999799,NA
423,425,1.916666667,-77.6005384704809,37.5532776904079,-76.6163530463057,40.0007839901376,9.24999999999,7.33333333299,1979.33333333199,1981.24999999899,NA
350,351,0.916666666699996,-78.9742726432523,40.0665527006793,-78.933884363662,40.0596217308408,9.41666666773,8.50000000103,1980.50000000003,1981.41666666673,NA
393,394,1.666666667,-77.2178448062838,37.87599974846,-78.0481165865332,35.7752931778303,9.58333333299,7.91666666599,1979.91666666499,1981.58333333199,NA
276,278,6.25,-78.9071803179777,38.4826187399772,-78.8187134887178,38.5986261469843,9.6666666667,3.4166666667,1975.4166666657,1981.6666666657,NA
254,255,4.166666667,-79.0249893061409,38.9871946608545,-79.4191813698861,38.5438224697582,9.666666667,5.5,1977.499999999,1981.666666666,NA
365,366,2.75,-77.7784527851599,39.0316318742013,-77.5572478846869,39.495602682361,9.74999999966,6.99999999966,1978.99999999866,1981.74999999866,NA
351,352,0.333333333300004,-78.933884363662,40.0596217308408,-78.8064216910931,39.9615448040716,9.75000000103,9.41666666773,1981.41666666673,1981.75000000003,NA
377,379,1.833333333,-77.6299124820874,38.8789687738311,-77.6169457929407,37.4909867708846,9.91666666606,8.08333333306,1980.08333333206,1981.91666666506,NA
381,382,2.416666667,-78.3768775640522,39.2243053468856,-78.2581950189714,39.4026450853178,10.00000000006,7.58333333306,1979.58333333206,1981.99999999906,NA
423,424,2.75,-77.6005384704809,37.5532776904079,-77.7270192975323,37.4545893864488,10.08333333299,7.33333333299,1979.33333333199,1982.08333333199,NA
278,283,0.583333333300001,-78.8187134887178,38.5986261469843,-78.8421010082338,38.737986644405,10.25,9.6666666667,1981.6666666657,1982.249999999,NA
277,35,4.99999966730003,-79.2408593480333,38.2219747069065,-77.255753,37.98732,10.333333001,5.3333333337,1977.3333333327,1982.333333,40
307,309,1.333333333,-78.5914495472668,37.9904017927809,-78.8826579703605,35.5185888809098,10.33333333333,9.00000000033,1980.99999999933,1982.33333333233,NA
396,397,1.166666667,-76.9012291933079,38.0081670030881,-76.7726991175995,37.8628686303188,10.41666666599,9.24999999899,1981.24999999799,1982.41666666499,NA
424,182,0.333333668009956,-77.7270192975323,37.4545893864488,-77.875834,37.595803,10.416667001,10.08333333299,1982.08333333199,1982.416667,106
396,406,1.25,-76.9012291933079,38.0081670030881,-76.2584902752979,38.6522265955653,10.49999999899,9.24999999899,1981.24999999799,1982.49999999799,NA
243,247,1.833333333,-79.3421455634945,38.8169366503465,-79.2569679097863,38.28753685354,10.5,8.666666667,1980.666666666,1982.499999999,NA
278,279,0.833333333300001,-78.8187134887178,38.5986261469843,-78.8282232678585,38.5683461477159,10.5,9.6666666667,1981.6666666657,1982.499999999,NA
283,286,0.25,-78.8421010082338,38.737986644405,-79.0489453614331,38.786688241922,10.5,10.25,1982.249999999,1982.499999999,NA
379,136,0.666666334940032,-77.6169457929407,37.4909867708846,-77.47012,37.441719,10.583333001,9.91666666606,1981.91666666506,1982.583333,103
379,380,0.666666666699996,-77.6169457929407,37.4909867708846,-78.5680725976829,35.0082763537823,10.58333333276,9.91666666606,1981.91666666506,1982.58333333176,NA
350,354,2.166666667,-78.9742726432523,40.0665527006793,-79.157849544488,40.3016793807628,10.66666666803,8.50000000103,1980.50000000003,1982.66666666703,NA
334,92,2.66666700036996,-78.2158866130834,40.1844737911959,-78.5964594749301,38.1717025695201,10.666667001,8.00000000063,1979.99999999963,1982.666667,71
448,455,1.916666667,-78.4330770121519,38.6645783382846,-76.1117596647866,40.5424132221491,10.75000000033,8.83333333333,1980.83333333233,1982.74999999933,NA
391,150,7.83333300101004,-78.5725580702777,38.5783764668658,-79.071443798271,37.9885107312725,10.833333001,2.99999999999,1974.99999999899,1982.833333,21
337,338,3.833333333,-78.2935160952639,40.0572401540403,-77.586042046773,39.0801943811159,10.83333333403,7.00000000103,1979.00000000003,1982.83333333303,NA
354,355,0.25,-79.157849544488,40.3016793807628,-79.2925439607523,40.2691576096074,10.91666666803,10.66666666803,1982.66666666703,1982.91666666703,NA
247,5,0.416667000999958,-79.2569679097863,38.28753685354,-79.7779533531447,38.4450493468781,10.916667001,10.5,1982.499999999,1982.916667,114
268,269,1.833333333,-79.7766984189137,37.8557357577642,-79.4244622810043,37.7776201784931,11.0000000007,9.1666666677,1981.1666666667,1982.9999999997,NA
296,300,6.666666667,-78.4079766230745,38.6467235124408,-78.7757443489376,38.9345094030073,11.166666667,4.5,1976.499999999,1983.166666666,NA
298,55,2.41666700099996,-78.142061864416,38.2184670265519,-78.418182,38.370082,11.166667001,8.75,1980.749999999,1983.166667,78
394,151,1.58333366800996,-78.0481165865332,35.7752931778303,-78.289873,35.430244,11.166667001,9.58333333299,1981.58333333199,1983.166667,92
338,339,0.416666666699999,-77.586042046773,39.0801943811159,-77.598321966004,38.8527962426173,11.25000000073,10.83333333403,1982.83333333303,1983.24999999973,NA
446,205,4.66666666767,-79.0988303430324,37.8375488626152,-79.0788456177145,37.9831635662233,11.250000001,6.58333333333,1978.58333333233,1983.25,50
269,270,0.333333333300004,-79.4244622810043,37.7776201784931,-78.7928595865362,37.631542929016,11.333333334,11.0000000007,1982.9999999997,1983.333333333,NA
309,310,1.166666667,-78.8826579703605,35.5185888809098,-78.8384782687404,35.5727822003282,11.50000000033,10.33333333333,1982.33333333233,1983.49999999933,NA
455,462,0.75,-76.1117596647866,40.5424132221491,-76.0770917464547,40.1978402162417,11.50000000033,10.75000000033,1982.74999999933,1983.49999999933,NA
295,54,9.333333334,-78.1109414084116,38.5034794689695,-78.894799,40.196537,11.500000001,2.166666667,1974.166666666,1983.5,13
355,356,0.583333333300001,-79.2925439607523,40.2691576096074,-79.3809539031283,40.3423240196432,11.50000000133,10.91666666803,1982.91666666703,1983.50000000033,NA
298,56,2.83333300100004,-78.142061864416,38.2184670265519,-78.5977445304018,38.1648267593331,11.583333001,8.75,1980.749999999,1983.583333,79
366,367,1.833333333,-77.5572478846869,39.495602682361,-77.6358391055862,39.3548267111412,11.58333333266,9.74999999966,1981.74999999866,1983.58333333166,NA
397,398,1.25,-76.7726991175995,37.8628686303188,-76.7017440872609,37.8786363936535,11.66666666599,10.41666666599,1982.41666666499,1983.66666666499,NA
367,368,0.0833333333299997,-77.6358391055862,39.3548267111412,-77.629394467963,39.3409821483082,11.66666666599,11.58333333266,1983.58333333166,1983.66666666499,NA
247,248,1.166666667,-79.2569679097863,38.28753685354,-79.4497528660782,38.3000045863556,11.666666667,10.5,1982.499999999,1983.666666666,NA
425,184,2.41666700100996,-76.6163530463057,40.0007839901376,-76.3480992685579,40.077570856892,11.666667001,9.24999999999,1981.24999999899,1983.666667,87
286,287,1.25,-79.0489453614331,38.786688241922,-77.8302457345096,38.4985880269619,11.75,10.5,1982.499999999,1983.749999999,NA
309,320,1.416666667,-78.8826579703605,35.5185888809098,-78.5897173358971,35.6067302400546,11.75000000033,10.33333333333,1982.33333333233,1983.74999999933,NA
256,15,4.24999966800004,-79.08768231354,39.0239318964811,-79.0077516709077,39.2831778982318,11.833333001,7.583333333,1979.583333332,1983.833333,63
382,384,1.833333333,-78.2581950189714,39.4026450853178,-79.8099355005316,36.3609873886477,11.83333333306,10.00000000006,1981.99999999906,1983.83333333206,NA
352,353,2.083333333,-78.8064216910931,39.9615448040716,-79.1259076889238,40.1382728762652,11.83333333403,9.75000000103,1981.75000000003,1983.83333333303,NA
406,409,1.416666667,-76.2584902752979,38.6522265955653,-76.0430525176126,38.6045144931193,11.91666666599,10.49999999899,1982.49999999799,1983.91666666499,NA
248,249,0.25,-79.4497528660782,38.3000045863556,-79.4623624943835,38.170731666621,11.916666667,11.666666667,1983.666666666,1983.916666666,NA
255,13,2.25000033399996,-79.4191813698861,38.5438224697582,-79.4233795535405,38.209642372095,11.916667001,9.666666667,1981.666666666,1983.916667,96
320,321,0.25,-78.5897173358971,35.6067302400546,-78.6495041934731,35.6450450236772,12.00000000033,11.75000000033,1983.74999999933,1983.99999999933,NA
447,207,4.50000000067,-78.4094687396792,39.071675246689,-77.5805828590662,39.3642941046108,12.000000001,7.50000000033,1979.49999999933,1984,60
380,138,1.49999966824004,-78.5680725976829,35.0082763537823,-78.742068,34.668045,12.083333001,10.58333333276,1982.58333333176,1984.083333,123
267,272,6.583333333,-79.1854211198794,38.0960498516925,-79.5757059645401,38.0503798415043,12.0833333337,5.5000000007,1977.4999999997,1984.0833333327,NA
269,271,1.166666667,-79.4244622810043,37.7776201784931,-79.912569341146,38.0262810881503,12.1666666677,11.0000000007,1982.9999999997,1984.1666666667,NA
384,142,0.333333667939957,-79.8099355005316,36.3609873886477,-80.208186,34.461883,12.166667001,11.83333333306,1983.83333333206,1984.166667,160
249,7,0.333333333999995,-79.4623624943835,38.170731666621,-79.353051,38.011694,12.250000001,11.916666667,1983.916666666,1984.25,165
339,97,1.08333300027003,-77.598321966004,38.8527962426173,-77.467699,38.891572,12.333333001,11.25000000073,1983.24999999973,1984.333333,137
455,456,1.666666667,-76.1117596647866,40.5424132221491,-77.020997202403,40.6431251322565,12.41666666733,10.75000000033,1982.74999999933,1984.41666666633,NA
345,346,7.25,-78.9846049440027,40.4508016342325,-79.874029520101,38.5513090900231,12.41666666773,5.16666666773,1977.16666666673,1984.41666666673,NA
354,358,1.75,-79.157849544488,40.3016793807628,-79.3138930002051,40.366058360582,12.41666666803,10.66666666803,1982.66666666703,1984.41666666703,NA
349,108,4.50000033326996,-79.0165445726176,40.2836540836189,-78.624421,39.615411,12.416667001,7.91666666773,1979.91666666673,1984.416667,66
270,26,1.08333366699996,-78.7928595865362,37.631542929016,-79.0726955905698,37.984208684929,12.416667001,11.333333334,1983.333333333,1984.416667,138
320,78,0.833333000670034,-78.5897173358971,35.6067302400546,-78.586811,35.545334,12.583333001,11.75000000033,1983.74999999933,1984.583333,154
377,378,4.5,-77.6299124820874,38.8789687738311,-78.4939696353195,37.8911306912818,12.58333333306,8.08333333306,1980.08333333206,1984.58333333206,NA
446,206,6.08333366766996,-79.0988303430324,37.8375488626152,-79.141706,38.19157,12.666667001,6.58333333333,1978.58333333233,1984.666667,51
255,14,3.00000033399996,-79.4191813698861,38.5438224697582,-79.567732,38.609693,12.666667001,9.666666667,1981.666666666,1984.666667,97
356,114,1.16666699966996,-79.3809539031283,40.3423240196432,-79.1935599391324,39.6729149695902,12.666667001,11.50000000133,1983.50000000033,1984.666667,145
256,257,5.166666667,-79.08768231354,39.0239318964811,-79.501137081014,39.0752533323121,12.75,7.583333333,1979.583333332,1984.749999999,NA
358,117,0.333333332969996,-79.3138930002051,40.366058360582,-79.3886568881753,39.5223927262941,12.750000001,12.41666666803,1984.41666666703,1984.75,174
346,347,0.333333333300001,-79.874029520101,38.5513090900231,-79.9029504144373,38.21400560804,12.75000000103,12.41666666773,1984.41666666673,1984.75000000003,NA
448,449,4,-78.4330770121519,38.6645783382846,-78.2317980519497,38.3004689652463,12.83333333333,8.83333333333,1980.83333333233,1984.83333333233,NA
425,426,3.666666667,-76.6163530463057,40.0007839901376,-77.9047665953609,39.5796777547917,12.91666666699,9.24999999999,1981.24999999899,1984.91666666599,NA
297,299,6.666666667,-78.4655150565015,38.1811715205316,-77.8881408887956,39.9854458200191,13,6.333333333,1978.333333332,1984.999999999,NA
456,215,0.666666333670037,-77.020997202403,40.6431251322565,-77.24986,40.193921,13.083333001,12.41666666733,1984.41666666633,1985.083333,177
249,250,1.166666667,-79.4623624943835,38.170731666621,-80.3319430366195,38.0751017243031,13.083333334,11.916666667,1983.916666666,1985.083333333,NA
384,385,1.416666667,-79.8099355005316,36.3609873886477,-79.6361937190247,36.128907938595,13.25000000006,11.83333333306,1983.83333333206,1985.24999999906,NA
409,410,1.416666667,-76.0430525176126,38.6045144931193,-76.2018745971817,38.3973151486814,13.33333333299,11.91666666599,1983.91666666499,1985.33333333199,NA
409,416,1.416666667,-76.0430525176126,38.6045144931193,-75.9342564225409,38.4524915451597,13.33333333299,11.91666666599,1983.91666666499,1985.33333333199,NA
410,411,0.166666666699999,-76.2018745971817,38.3973151486814,-76.18235203222,38.4498036144769,13.49999999969,13.33333333299,1985.33333333199,1985.49999999869,NA
394,395,3.916666667,-78.0481165865332,35.7752931778303,-78.088614028165,35.5251431471828,13.49999999999,9.58333333299,1981.58333333199,1985.49999999899,NA
337,95,6.49999999996999,-78.2935160952639,40.0572401540403,-78.19609,40.862172,13.500000001,7.00000000103,1979.00000000003,1985.5,55
381,139,5.91666666794,-78.3768775640522,39.2243053468856,-77.7461735644158,39.3800439297147,13.500000001,7.58333333306,1979.58333333206,1985.5,65
406,407,3.083333333,-76.2584902752979,38.6522265955653,-77.7257962401977,39.2786740836047,13.58333333199,10.49999999899,1982.49999999799,1985.58333333099,NA
270,27,2.33333366699996,-78.7928595865362,37.631542929016,-78.944837,37.58185,13.666667001,11.333333334,1983.333333333,1985.666667,139
368,125,2.00000033500996,-77.629394467963,39.3409821483082,-77.427524,39.348557,13.666667001,11.66666666599,1983.66666666499,1985.666667,153
272,30,1.58333366729996,-79.5757059645401,38.0503798415043,-79.7829155459305,38.4443343722306,13.666667001,12.0833333337,1984.0833333327,1985.666667,168
299,58,0.666667000999958,-77.8881408887956,39.9854458200191,-77.826011,39.733538,13.666667001,13,1984.999999999,1985.666667,189
449,450,0.916666666699999,-78.2317980519497,38.3004689652463,-78.4588406554845,39.394987248781,13.75000000003,12.83333333333,1984.83333333233,1985.74999999903,NA
426,433,0.833333333300004,-77.9047665953609,39.5796777547917,-77.4064474966684,39.765837516898,13.75000000029,12.91666666699,1984.91666666599,1985.74999999929,NA
310,311,2.25,-78.8384782687404,35.5727822003282,-78.535858947767,35.4282414428304,13.75000000033,11.50000000033,1983.49999999933,1985.74999999933,NA
366,123,4.00000000134,-77.5572478846869,39.495602682361,-76.598494,39.781576,13.750000001,9.74999999966,1981.74999999866,1985.75,98
352,110,3.99999999996999,-78.8064216910931,39.9615448040716,-78.7024606057965,40.3632705307344,13.750000001,9.75000000103,1981.75000000003,1985.75,101
250,8,0.666666666999998,-80.3319430366195,38.0751017243031,-80.1873869205045,38.1185519494468,13.750000001,13.083333334,1985.083333333,1985.75,190
355,357,2.833333333,-79.2925439607523,40.2691576096074,-78.8905414660735,40.0482205796098,13.75000000103,10.91666666803,1982.91666666703,1985.75000000003,NA
279,37,3.33333300100004,-78.8282232678585,38.5683461477159,-78.799446,37.971846,13.833333001,10.5,1982.499999999,1985.833333,119
462,463,2.416666667,-76.0770917464547,40.1978402162417,-76.0405684788082,40.2226289801194,13.91666666733,11.50000000033,1983.49999999933,1985.91666666633,NA
353,111,2.08333366696996,-79.1259076889238,40.1382728762652,-79.0901987595106,40.0425363701888,13.916667001,11.83333333403,1983.83333333303,1985.916667,158
449,208,1.08333366766996,-78.2317980519497,38.3004689652463,-78.491233,38.571557,13.916667001,12.83333333333,1984.83333333233,1985.916667,184
463,223,3.33669959218241e-07,-76.0405684788082,40.2226289801194,-76.040299,40.223424,13.916667001,13.91666666733,1985.91666666633,1985.916667,213
407,408,0.416666666700003,-77.7257962401977,39.2786740836047,-77.6368808857346,39.4667853506624,13.99999999869,13.58333333199,1985.58333333099,1985.99999999769,NA
310,67,2.58333300067003,-78.8384782687404,35.5727822003282,-77.126692,35.620576,14.083333001,11.50000000033,1983.49999999933,1986.083333,140
356,113,2.58333299967003,-79.3809539031283,40.3423240196432,-80.396919,40.052361,14.083333001,11.50000000133,1983.50000000033,1986.083333,144
243,244,5.416666667,-79.3421455634945,38.8169366503465,-79.2591178536797,39.7785767180183,14.083333334,8.666666667,1980.666666666,1986.083333333,NA
321,327,2.166666667,-78.6495041934731,35.6450450236772,-79.2197517329832,34.7581609708042,14.16666666733,12.00000000033,1983.99999999933,1986.16666666633,NA
463,222,0.250000333669959,-76.0405684788082,40.2226289801194,-76.567644,40.497545,14.166667001,13.91666666733,1985.91666666633,1986.166667,212
398,400,2.583333333,-76.7017440872609,37.8786363936535,-76.8087966072644,37.1035425103322,14.24999999899,11.66666666599,1983.66666666499,1986.24999999799,NA
287,45,2.500000001,-77.8302457345096,38.4985880269619,-78.0199001513982,38.5623685964949,14.250000001,11.75,1983.749999999,1986.25,156
347,105,1.49999999996999,-79.9029504144373,38.21400560804,-79.7047601974788,38.2457227611783,14.250000001,12.75000000103,1984.75000000003,1986.25,183
424,183,4.24999966801003,-77.7270192975323,37.4545893864488,-78.927903,38.380886,14.333333001,10.08333333299,1982.08333333199,1986.333333,107
400,157,0.0833330020100362,-76.8087966072644,37.1035425103322,-76.897251,36.996001,14.333333001,14.24999999899,1986.24999999799,1986.333333,221
244,245,0.25,-79.2591178536797,39.7785767180183,-79.115068550989,39.7179044913109,14.333333334,14.083333334,1986.083333333,1986.333333333,NA
433,437,0.666666666699996,-77.4064474966684,39.765837516898,-77.4084023190152,39.8241244162366,14.41666666699,13.75000000029,1985.74999999929,1986.41666666599,NA
416,417,1.416666667,-75.9342564225409,38.4524915451597,-76.0354661636613,39.14224049012,14.74999999999,13.33333333299,1985.33333333199,1986.74999999899,NA
268,25,5.5833333333,-79.7766984189137,37.8557357577642,-79.4272069990347,38.2137099597368,14.750000001,9.1666666677,1981.1666666667,1986.75,85
338,96,3.91666666697,-77.586042046773,39.0801943811159,-77.6074624199111,38.9028168016697,14.750000001,10.83333333403,1982.83333333303,1986.75,128
395,153,1.25000000101,-78.088614028165,35.5251431471828,-77.752663,35.787738,14.750000001,13.49999999999,1985.49999999899,1986.75,199
257,258,2.166666667,-79.501137081014,39.0752533323121,-78.064869079965,38.3278187169522,14.916666667,12.75,1984.749999999,1986.916666666,NA
245,2,0.666666666999998,-79.115068550989,39.7179044913109,-79.1905279290148,39.6777514564117,15.000000001,14.333333334,1986.333333333,1987,222
299,57,2.08333300100004,-77.8881408887956,39.9854458200191,-77.886282,39.925254,15.083333001,13,1984.999999999,1987.083333,188
397,154,4.75000033500996,-76.7726991175995,37.8628686303188,-76.204677,38.227184,15.166667001,10.41666666599,1982.41666666499,1987.166667,113
408,165,1.16666700230996,-77.6368808857346,39.4667853506624,-77.603583,39.529038,15.166667001,13.99999999869,1985.99999999769,1987.166667,214
351,109,5.83333333327,-78.933884363662,40.0596217308408,-79.982226,39.821473,15.250000001,9.41666666773,1981.41666666673,1987.25,91
411,167,1.75000000131,-76.18235203222,38.4498036144769,-76.081354,37.848802,15.250000001,13.49999999969,1985.49999999869,1987.25,201
300,59,4.16666633400003,-78.7757443489376,38.9345094030073,-77.6149434479569,38.9116331780438,15.333333001,11.166666667,1983.166666666,1987.333333,135
357,116,1.58333299997003,-78.8905414660735,40.0482205796098,-78.120958,39.402403,15.333333001,13.75000000103,1985.75000000003,1987.333333,205
258,259,0.5,-78.064869079965,38.3278187169522,-78.012009316211,38.7351816028291,15.416666667,14.916666667,1986.916666666,1987.416666666,NA
257,16,2.66666700099996,-79.501137081014,39.0752533323121,-79.8004697595277,39.2079418561262,15.416667001,12.75,1984.749999999,1987.416667,181
400,401,1.25,-76.8087966072644,37.1035425103322,-77.0413472865267,37.3765742232741,15.49999999899,14.24999999899,1986.24999999799,1987.49999999799,NA
271,29,3.3333333333,-79.912569341146,38.0262810881503,-79.7104602933746,38.2395496589544,15.500000001,12.1666666677,1984.1666666667,1987.5,171
244,1,1.416666667,-79.2591178536797,39.7785767180183,-79.0906233316804,40.0402647797655,15.500000001,14.083333334,1986.083333333,1987.5,216
398,399,3.916666667,-76.7017440872609,37.8786363936535,-76.5091646441233,40.0094135110689,15.58333333299,11.66666666599,1983.66666666499,1987.58333333199,NA
462,464,4.166666667,-76.0770917464547,40.1978402162417,-76.0589634084461,40.2195483039553,15.66666666733,11.50000000033,1983.49999999933,1987.66666666633,NA
401,402,0.25,-77.0413472865267,37.3765742232741,-77.1152762329446,37.3318954007486,15.74999999899,15.49999999899,1987.49999999799,1987.74999999799,NA
258,17,0.833333333999995,-78.064869079965,38.3278187169522,-78.245363,38.563292,15.750000001,14.916666667,1986.916666666,1987.75,228
402,403,0.0833333333299997,-77.1152762329446,37.3318954007486,-77.1983629869661,37.3548772476401,15.83333333232,15.74999999899,1987.74999999799,1987.83333333132,NA
250,251,2.75,-80.3319430366195,38.0751017243031,-80.5202458810163,38.1142960431623,15.833333334,13.083333334,1985.083333333,1987.833333333,NA
347,348,3.083333333,-79.9029504144373,38.21400560804,-79.8267386020677,38.0951143030462,15.83333333403,12.75000000103,1984.75000000003,1987.83333333303,NA
450,209,2.16666700096996,-78.4588406554845,39.394987248781,-78.080224,39.248533,15.916667001,13.75000000003,1985.74999999903,1987.916667,208
417,175,1.16666700100996,-76.0354661636613,39.14224049012,-76.295144,39.438752,15.916667001,14.74999999999,1986.74999999899,1987.916667,226
279,280,5.5,-78.8282232678585,38.5683461477159,-78.9859714467809,34.9702972805319,16,10.5,1982.499999999,1987.999999999,NA
271,28,3.8333333333,-79.912569341146,38.0262810881503,-79.756248,37.656709,16.000000001,12.1666666677,1984.1666666667,1988,170
426,427,3.25,-77.9047665953609,39.5796777547917,-74.9391583947487,40.9396096182881,16.16666666699,12.91666666699,1984.91666666599,1988.16666666599,NA
259,18,0.750000333999957,-78.012009316211,38.7351816028291,-78.0829858031935,38.753324781401,16.166667001,15.416666667,1987.416666666,1988.166667,230
402,404,0.5,-77.1152762329446,37.3318954007486,-77.1929204673576,37.4699702282386,16.24999999899,15.74999999899,1987.74999999799,1988.24999999799,NA
280,281,0.25,-78.9859714467809,34.9702972805319,-79.016846327383,34.8600159398644,16.25,16,1987.999999999,1988.249999999,NA
417,418,1.666666667,-76.0354661636613,39.14224049012,-76.0714291869315,39.1719020524342,16.41666666699,14.74999999999,1986.74999999899,1988.41666666599,NA
287,288,4.666666667,-77.8302457345096,38.4985880269619,-77.7322705613843,37.3952843469226,16.416666667,11.75,1983.749999999,1988.416666666,NA
464,465,0.75,-76.0589634084461,40.2195483039553,-75.8371455907439,40.117998405664,16.41666666733,15.66666666733,1987.66666666633,1988.41666666633,NA
407,164,2.83333366900996,-77.7257962401977,39.2786740836047,-77.740686688294,39.3736984397911,16.416667001,13.58333333199,1985.58333333099,1988.416667,202
327,85,2.25000033366996,-79.2197517329832,34.7581609708042,-79.570585,35.109239,16.416667001,14.16666666733,1986.16666666633,1988.416667,218
281,39,0.166667000999958,-79.016846327383,34.8600159398644,-79.092821,34.872538,16.416667001,16.25,1988.249999999,1988.416667,253
418,421,0.0833333333299997,-76.0714291869315,39.1719020524342,-76.0318490506707,39.1829663287059,16.50000000032,16.41666666699,1988.41666666599,1988.49999999932,NA
333,91,12.08333333337,-78.2913730017419,40.1218869916349,-79.3894862036649,39.5206683910586,16.500000001,4.41666666763,1976.41666666663,1988.5,31
378,134,3.91666666794,-78.4939696353195,37.8911306912818,-78.637166,37.187725,16.500000001,12.58333333306,1984.58333333206,1988.5,178
251,252,0.75,-80.5202458810163,38.1142960431623,-80.4847824173535,38.0297259570667,16.583333334,15.833333334,1987.833333333,1988.583333333,NA
421,179,0.166667000679961,-76.0318490506707,39.1829663287059,-76.003963,39.085949,16.666667001,16.50000000032,1988.49999999932,1988.666667,261
401,158,1.25000000201,-77.0413472865267,37.3765742232741,-77.87064,36.577055,16.750000001,15.49999999899,1987.49999999799,1988.75,232
353,112,4.99999966697003,-79.1259076889238,40.1382728762652,-78.6987219270818,40.3631799330259,16.833333001,11.83333333403,1983.83333333303,1988.833333,159
408,166,2.83333300231003,-77.6368808857346,39.4667853506624,-77.758427,40.089575,16.833333001,13.99999999869,1985.99999999769,1988.833333,215
403,160,0.999999668680036,-77.1983629869661,37.3548772476401,-76.907163,37.319511,16.833333001,15.83333333232,1987.83333333132,1988.833333,245
456,457,4.416666667,-77.020997202403,40.6431251322565,-75.7991516743003,40.6844244042996,16.83333333433,12.41666666733,1984.41666666633,1988.83333333333,NA
357,115,3.16666699996996,-78.8905414660735,40.0482205796098,-78.528414,40.52255,16.916667001,13.75000000103,1985.75000000003,1988.916667,204
288,47,0.500000333999957,-77.7322705613843,37.3952843469226,-77.686405,36.42304,16.916667001,16.416666667,1988.416666666,1988.916667,255
321,322,5,-78.6495041934731,35.6450450236772,-78.342850855266,35.716599075749,17.00000000033,12.00000000033,1983.99999999933,1988.99999999933,NA
346,104,4.66666633327003,-79.874029520101,38.5513090900231,-80.465154,38.96383,17.083333001,12.41666666773,1984.41666666673,1989.083333,173
411,412,3.583333333,-76.18235203222,38.4498036144769,-75.9820010236921,38.8830511492273,17.08333333269,13.49999999969,1985.49999999869,1989.08333333169,NA
433,434,3.333333333,-77.4064474966684,39.765837516898,-76.8632194764549,39.6296809996622,17.08333333329,13.75000000029,1985.74999999929,1989.08333333229,NA
322,324,0.0833333333299997,-78.342850855266,35.716599075749,-78.2990348613951,35.6730435931256,17.08333333366,17.00000000033,1988.99999999933,1989.08333333266,NA
418,419,0.666666666699999,-76.0714291869315,39.1719020524342,-76.115214949965,39.369921988199,17.08333333369,16.41666666699,1988.41666666599,1989.08333333269,NA
358,359,4.666666667,-79.3138930002051,40.366058360582,-80.4154937667114,41.290274956362,17.08333333503,12.41666666803,1984.41666666703,1989.08333333403,NA
410,413,3.916666667,-76.2018745971817,38.3973151486814,-78.2332737944739,36.4471186056659,17.24999999999,13.33333333299,1985.33333333199,1989.24999999899,NA
324,325,0.166666666699999,-78.2990348613951,35.6730435931256,-78.8498326978784,37.0591346332782,17.25000000036,17.08333333366,1989.08333333266,1989.24999999936,NA
277,36,11.9999996673,-79.2408593480333,38.2219747069065,-78.0211403823418,38.5559729241324,17.333333001,5.3333333337,1977.3333333327,1989.333333,41
380,137,6.74999966824004,-78.5680725976829,35.0082763537823,-77.195308,35.378991,17.333333001,10.58333333276,1982.58333333176,1989.333333,122
378,135,4.74999966794003,-78.4939696353195,37.8911306912818,-77.426655,38.170173,17.333333001,12.58333333306,1984.58333333206,1989.333333,179
419,176,0.249999667310039,-76.115214949965,39.369921988199,-76.036401,39.886681,17.333333001,17.08333333369,1989.08333333269,1989.333333,275
385,386,4.083333333,-79.6361937190247,36.128907938595,-79.1060936504256,36.0763883120361,17.33333333306,13.25000000006,1985.24999999906,1989.33333333206,NA
307,308,8.333333333,-78.5914495472668,37.9904017927809,-77.3227667388224,39.3253606292475,17.33333333333,9.00000000033,1980.99999999933,1989.33333333233,NA
327,328,3.166666667,-79.2197517329832,34.7581609708042,-79.6715109650233,35.0993834160866,17.33333333433,14.16666666733,1986.16666666633,1989.33333333333,NA
419,420,0.333333333300001,-76.115214949965,39.369921988199,-76.1432984011344,39.4219948811482,17.41666666699,17.08333333369,1989.08333333269,1989.41666666599,NA
404,405,1.25,-77.1929204673576,37.4699702282386,-76.1022720159585,38.4045714480076,17.49999999899,16.24999999899,1988.24999999799,1989.49999999799,NA
437,438,3.083333333,-77.4084023190152,39.8241244162366,-77.2270494278098,39.2733484604897,17.49999999999,14.41666666699,1986.41666666599,1989.49999999899,NA
311,312,3.75,-78.535858947767,35.4282414428304,-78.788186743682,35.1790451536756,17.50000000033,13.75000000033,1985.74999999933,1989.49999999933,NA
322,323,0.5,-78.342850855266,35.716599075749,-76.8764751827781,35.8960428649968,17.50000000033,17.00000000033,1988.99999999933,1989.49999999933,NA
434,192,0.499999667710036,-76.8632194764549,39.6296809996622,-76.707499,39.63909,17.583333001,17.08333333329,1989.08333333229,1989.583333,273
283,284,7.416666667,-78.8421010082338,38.737986644405,-80.8692808893395,36.3862355211057,17.666666667,10.25,1982.249999999,1989.666666666,NA
427,185,1.50000033400996,-74.9391583947487,40.9396096182881,-74.69789,40.979675,17.666667001,16.16666666699,1988.16666666599,1989.666667,248
404,161,1.58333300201004,-77.1929204673576,37.4699702282386,-77.506877,38.568875,17.833333001,16.24999999899,1988.24999999799,1989.833333,251
413,170,0.583333001010036,-78.2332737944739,36.4471186056659,-77.781748,37.420539,17.833333001,17.24999999999,1989.24999999899,1989.833333,279
434,435,0.833333333300001,-76.8632194764549,39.6296809996622,-76.9679274475611,40.1698721767863,17.91666666659,17.08333333329,1989.08333333229,1989.91666666559,NA
248,6,6.25000033399996,-79.4497528660782,38.3000045863556,-79.987778,38.28278,17.916667001,11.666666667,1983.666666666,1989.916667,150
403,159,2.08333366867996,-77.1983629869661,37.3548772476401,-77.2867431527932,37.8114329788194,17.916667001,15.83333333232,1987.83333333132,1989.916667,244
359,118,0.916666665969995,-80.4154937667114,41.290274956362,-80.55225,41.103335,18.000000001,17.08333333503,1989.08333333403,1990,268
416,174,4.74999966801004,-75.9342564225409,38.4524915451597,-78.445676,34.29146,18.083333001,13.33333333299,1985.33333333199,1990.083333,195
386,387,0.833333333300001,-79.1060936504256,36.0763883120361,-79.3159135225309,36.2151391433666,18.16666666636,17.33333333306,1989.33333333206,1990.16666666536,NA
435,436,0.25,-76.9679274475611,40.1698721767863,-76.9933048067327,40.1197599407199,18.16666666659,17.91666666659,1989.91666666559,1990.16666666559,NA
382,383,8.25,-78.2581950189714,39.4026450853178,-78.5727177279329,36.4144352755201,18.25000000006,10.00000000006,1981.99999999906,1990.24999999906,NA
252,10,1.666666667,-80.4847824173535,38.0297259570667,-80.301132,37.728836,18.250000001,16.583333334,1988.583333333,1990.25,263
435,193,0.333333334409996,-76.9679274475611,40.1698721767863,-76.794986,40.14976,18.250000001,17.91666666659,1989.91666666559,1990.25,301
386,388,1.083333333,-79.1060936504256,36.0763883120361,-79.0137243544289,35.9834764348974,18.41666666606,17.33333333306,1989.33333333206,1990.41666666506,NA
464,466,2.75,-76.0589634084461,40.2195483039553,-75.13262320884,40.9371354029471,18.41666666733,15.66666666733,1987.66666666633,1990.41666666633,NA
412,168,1.33333366830996,-75.9820010236921,38.8830511492273,-75.910335,39.579275,18.416667001,17.08333333269,1989.08333333169,1990.416667,270
388,146,3.34939958435143e-07,-79.0137243544289,35.9834764348974,-79.018372,35.985133,18.416667001,18.41666666606,1990.41666666506,1990.416667,310
348,107,2.66666666697,-79.8267386020677,38.0951143030462,-79.7048205541565,38.2485270907168,18.500000001,15.83333333403,1987.83333333303,1990.5,241
308,66,1.16666666766999,-77.3227667388224,39.3253606292475,-77.510835,39.053584,18.500000001,17.33333333333,1989.33333333233,1990.5,283
399,155,2.99999966801004,-76.5091646441233,40.0094135110689,-76.429773,40.658402,18.583333001,15.58333333299,1987.58333333199,1990.583333,234
325,326,1.333333333,-78.8498326978784,37.0591346332782,-78.5351963380016,37.2848355427045,18.58333333336,17.25000000036,1989.24999999936,1990.58333333236,NA
245,246,4.25,-79.115068550989,39.7179044913109,-78.564008253739,38.2647298378109,18.583333334,14.333333334,1986.333333333,1990.583333333,NA
364,122,14.66666700134,-78.6712775822646,39.0466951479701,-78.734535,38.577348,18.666667001,3.99999999966,1975.99999999866,1990.666667,24
328,86,1.33333366666996,-79.6715109650233,35.0993834160866,-80.026183,35.386761,18.666667001,17.33333333433,1989.33333333333,1990.666667,286
286,289,8.416666667,-79.0489453614331,38.786688241922,-79.2113442001578,39.2244042960894,18.916666667,10.5,1982.499999999,1990.916666666,NA
368,124,7.25000033500996,-77.629394467963,39.3409821483082,-78.324189,37.980856,18.916667001,11.66666666599,1983.66666666499,1990.916667,152
395,152,5.41666700100996,-78.088614028165,35.5251431471828,-79.037771,35.327376,18.916667001,13.49999999999,1985.49999999899,1990.916667,198
465,224,2.50000033366996,-75.8371455907439,40.117998405664,-74.896153,41.180063,18.916667001,16.41666666733,1988.41666666633,1990.916667,258
438,196,1.58333300101004,-77.2270494278098,39.2733484604897,-76.704404,38.618228,19.083333001,17.49999999999,1989.49999999899,1991.083333,292
383,141,0.833333000940037,-78.5727177279329,36.4144352755201,-78.700037,36.369389,19.083333001,18.25000000006,1990.24999999906,1991.083333,307
339,340,7.916666667,-77.598321966004,38.8527962426173,-77.6008168467658,38.852855667382,19.16666666773,11.25000000073,1983.24999999973,1991.16666666673,NA
288,46,2.75000033399996,-77.7322705613843,37.3952843469226,-77.162654,37.985775,19.166667001,16.416666667,1988.416666666,1991.166667,254
300,301,8.083333333,-78.7757443489376,38.9345094030073,-79.1378804221509,38.453965913309,19.25,11.166666667,1983.166666666,1991.249999999,NA
421,422,2.75,-76.0318490506707,39.1829663287059,-75.9522614611515,39.4082547853903,19.25000000032,16.50000000032,1988.49999999932,1991.24999999932,NA
348,106,3.41666666697,-79.8267386020677,38.0951143030462,-79.281572,37.80737,19.250000001,15.83333333403,1987.83333333303,1991.25,240
312,313,1.833333333,-78.788186743682,35.1790451536756,-78.9770107942549,35.107895858222,19.33333333333,17.50000000033,1989.49999999933,1991.33333333233,NA
284,285,1.666666667,-80.8692808893395,36.3862355211057,-80.8749564884297,35.683419523021,19.333333334,17.666666667,1989.666666666,1991.333333333,NA
340,341,0.166666666699999,-77.6008168467658,38.852855667382,-77.6335476990856,38.917762360385,19.33333333443,19.16666666773,1991.16666666673,1991.33333333343,NA
405,162,1.91666700200996,-76.1022720159585,38.4045714480076,-75.845982,38.184331,19.416667001,17.49999999899,1989.49999999799,1991.416667,294
405,163,1.91666700200996,-76.1022720159585,38.4045714480076,-77.7057,35.945618,19.416667001,17.49999999899,1989.49999999799,1991.416667,295
387,144,1.41666633464003,-79.3159135225309,36.2151391433666,-80.203286,36.077002,19.583333001,18.16666666636,1990.16666666536,1991.583333,302
272,273,7.5,-79.5757059645401,38.0503798415043,-80.0486805049496,38.4265827434146,19.5833333337,12.0833333337,1984.0833333327,1991.5833333327,NA
328,329,2.333333333,-79.6715109650233,35.0993834160866,-79.9714595746445,35.265900070505,19.66666666733,17.33333333433,1989.33333333333,1991.66666666633,NA
259,260,4.333333333,-78.012009316211,38.7351816028291,-78.2193097874293,39.0406327258734,19.75,15.416666667,1987.416666666,1991.749999999,NA
420,177,2.41666633401004,-76.1432984011344,39.4219948811482,-76.375662,38.763804,19.833333001,17.41666666699,1989.41666666599,1991.833333,288
422,181,0.583333000680039,-75.9522614611515,39.4082547853903,-76.17763,39.248955,19.833333001,19.25000000032,1991.24999999932,1991.833333,323
312,314,2.416666667,-78.788186743682,35.1790451536756,-78.9484203716119,34.9286918236574,19.91666666733,17.50000000033,1989.49999999933,1991.91666666633,NA
334,335,12,-78.2158866130834,40.1844737911959,-77.2519341334704,39.2947605765553,20.00000000063,8.00000000063,1979.99999999963,1991.99999999963,NA
457,459,3.333333333,-75.7991516743003,40.6844244042996,-74.7238694086625,40.1219289275814,20.16666666733,16.83333333433,1988.83333333333,1992.16666666633,NA
280,38,4.16666700099996,-78.9859714467809,34.9702972805319,-79.978851,36.876825,20.166667001,16,1987.999999999,1992.166667,246
465,225,3.83333333367,-75.8371455907439,40.117998405664,-75.847234,39.250645,20.250000001,16.41666666733,1988.41666666633,1992.25,259
387,145,2.08333333464,-79.3159135225309,36.2151391433666,-77.915078,36.407929,20.250000001,18.16666666636,1990.16666666536,1992.25,303
341,99,0.916666666569995,-77.6335476990856,38.917762360385,-77.720912,38.748252,20.250000001,19.33333333443,1991.33333333343,1992.25,329
323,79,2.83333300067003,-76.8764751827781,35.8960428649968,-77.2922114822484,37.8045603376913,20.333333001,17.50000000033,1989.49999999933,1992.333333,296
273,31,0.749999667300035,-80.0486805049496,38.4265827434146,-80.1881927860965,38.1190402707855,20.333333001,19.5833333337,1991.5833333327,1992.333333,330
311,315,6.583333333,-78.535858947767,35.4282414428304,-78.6642940738768,35.5512576982774,20.33333333333,13.75000000033,1985.74999999933,1992.33333333233,NA
285,43,1.24999966700003,-80.8749564884297,35.683419523021,-80.656334,35.902663,20.583333001,19.333333334,1991.333333333,1992.583333,326
437,439,6.166666667,-77.4084023190152,39.8241244162366,-78.9559749305137,38.7721578212669,20.58333333399,14.41666666699,1986.41666666599,1992.58333333299,NA
314,71,0.750000333669956,-78.9484203716119,34.9286918236574,-78.907083,34.761826,20.666667001,19.91666666733,1991.91666666633,1992.666667,342
289,290,1.833333333,-79.2113442001578,39.2244042960894,-79.2399293716548,39.2764492063774,20.75,18.916666667,1990.916666666,1992.749999999,NA
427,428,4.75,-74.9391583947487,40.9396096182881,-74.9346093225387,41.1518715998784,20.91666666699,16.16666666699,1988.16666666599,1992.91666666599,NA
450,451,7.166666667,-78.4588406554845,39.394987248781,-77.673553194533,37.0615266881278,20.91666666703,13.75000000003,1985.74999999903,1992.91666666603,NA
466,467,2.583333333,-75.13262320884,40.9371354029471,-75.2759183464108,40.8365926329705,21.00000000033,18.41666666733,1990.41666666633,1992.99999999933,NA
459,460,0.833333333300001,-74.7238694086625,40.1219289275814,-75.1282892332275,40.8485471695459,21.00000000063,20.16666666733,1992.16666666633,1992.99999999963,NA
436,195,2.83333333441,-76.9933048067327,40.1197599407199,-76.476926,39.921059,21.000000001,18.16666666659,1990.16666666559,1993,305
251,253,5.23969453145331,-80.5202458810163,38.1142960431623,-80.9788784498331,38.2628024474327,21.0730278654533,15.833333334,1987.833333333,1993.07302786445,NA
428,186,0.166666334010038,-74.9346093225387,41.1518715998784,-75.076843,41.197114,21.083333001,20.91666666699,1992.91666666599,1993.083333,353
253,12,0.010305135546723,-80.9788784498331,38.2628024474327,-80.982318,38.275348,21.083333001,21.0730278654533,1993.07302786445,1993.083333,359
439,440,0.5,-78.9559749305137,38.7721578212669,-78.6802001321682,38.7942148451045,21.08333333399,20.58333333399,1992.58333333299,1993.08333333299,NA
367,369,9.583333333,-77.6358391055862,39.3548267111412,-76.2509565779028,40.8254212801275,21.16666666566,11.58333333266,1983.58333333166,1993.16666666466,NA
301,302,2,-79.1378804221509,38.453965913309,-79.5120628724122,39.5363956945407,21.25,19.25,1991.249999999,1993.249999999,NA
340,342,2.083333333,-77.6008168467658,38.852855667382,-77.483342127044,39.0414444471355,21.25000000073,19.16666666773,1991.16666666673,1993.24999999973,NA
420,178,3.83333333401,-76.1432984011344,39.4219948811482,-76.954218,39.483768,21.250000001,17.41666666699,1989.41666666599,1993.25,289
383,140,3.00000000094,-78.5727177279329,36.4144352755201,-77.653195,34.830902,21.250000001,18.25000000006,1990.24999999906,1993.25,306
290,292,0.666666666699999,-79.2399293716548,39.2764492063774,-79.3646199814048,39.2764449078497,21.4166666667,20.75,1992.749999999,1993.4166666657,NA
260,261,1.666666667,-78.2193097874293,39.0406327258734,-77.6472755514068,39.2462534166732,21.416666667,19.75,1991.749999999,1993.416666666,NA
289,48,2.583333334,-79.2113442001578,39.2244042960894,-79.8014407643534,39.2058447861276,21.500000001,18.916666667,1990.916666666,1993.5,316
359,360,4.416666667,-80.4154937667114,41.290274956362,-80.4534509428859,41.2056376878052,21.50000000203,17.08333333503,1989.08333333403,1993.50000000103,NA
253,11,0.510305135546723,-80.9788784498331,38.2628024474327,-80.72724,38.217216,21.583333001,21.0730278654533,1993.07302786445,1993.583333,358
315,316,1.416666667,-78.6642940738768,35.5512576982774,-79.1418405517094,34.639289653787,21.75000000033,20.33333333333,1992.33333333233,1993.74999999933,NA
252,9,5.166666667,-80.4847824173535,38.0297259570667,-80.109408,37.903374,21.750000001,16.583333334,1988.583333333,1993.75,262
439,198,1.16666666701,-78.9559749305137,38.7721578212669,-79.052085,38.755694,21.750000001,20.58333333399,1992.58333333299,1993.75,346
460,461,0.805992005252644,-75.1282892332275,40.8485471695459,-74.6372778030663,40.1865700349566,21.8059920058826,21.00000000063,1992.99999999963,1993.80599200488,NA
461,220,0.0273409951173917,-74.6372778030663,40.1865700349566,-74.537352,40.087893,21.833333001,21.8059920058826,1993.80599200488,1993.833333,376
302,303,0.666666666699999,-79.5120628724122,39.5363956945407,-79.5444242248964,39.6700472584518,21.9166666667,21.25,1993.249999999,1993.9166666657,NA
360,119,0.416666998969955,-80.4534509428859,41.2056376878052,-80.579332,41.297587,21.916667001,21.50000000203,1993.50000000103,1993.916667,372
436,194,3.83333333441,-76.9933048067327,40.1197599407199,-76.51873,41.57529,22.000000001,18.16666666659,1990.16666666559,1994,304
326,83,3.41666666764,-78.5351963380016,37.2848355427045,-77.889183,37.406888,22.000000001,18.58333333336,1990.58333333236,1994,314
460,219,1.00000000037,-75.1282892332275,40.8485471695459,-75.022942,40.78458,22.000000001,21.00000000063,1992.99999999963,1994,356
261,20,0.583333333999995,-77.6472755514068,39.2462534166732,-77.5801124244988,39.3665829808474,22.000000001,21.416666667,1993.416666666,1994,369
466,226,3.66666633367004,-75.13262320884,40.9371354029471,-76.6239103608994,41.0912911019815,22.083333001,18.41666666733,1990.41666666633,1994.083333,309
281,282,5.833333333,-79.016846327383,34.8600159398644,-79.1043332522011,34.8322384200819,22.083333333,16.25,1988.249999999,1994.083333332,NA
260,262,2.333333333,-78.2193097874293,39.0406327258734,-78.3514534796829,39.1454518742491,22.083333333,19.75,1991.749999999,1994.083333332,NA
360,361,0.583333333300001,-80.4534509428859,41.2056376878052,-79.9332904205951,40.4326777004018,22.08333333533,21.50000000203,1993.50000000103,1994.08333333433,NA
284,42,4.583333334,-80.8692808893395,36.3862355211057,-79.899141,36.674436,22.250000001,17.666666667,1989.666666666,1994.25,298
341,98,2.91666666657,-77.6335476990856,38.917762360385,-78.806115,39.443874,22.250000001,19.33333333443,1991.33333333343,1994.25,328
246,3,3.83333366699996,-78.564008253739,38.2647298378109,-79.005394,37.782507,22.416667001,18.583333334,1990.583333333,1994.416667,312
369,371,1.333333333,-76.2509565779028,40.8254212801275,-75.5577169213787,40.2145577763133,22.49999999866,21.16666666566,1993.16666666466,1994.49999999766,NA
323,80,5.00000000067,-76.8764751827781,35.8960428649968,-77.270673,35.47173,22.500000001,17.50000000033,1989.49999999933,1994.5,297
451,452,1.75,-77.673553194533,37.0615266881278,-78.5302324869495,35.7525597154116,22.66666666703,20.91666666703,1992.91666666603,1994.66666666603,NA
325,82,5.41666700063996,-78.8498326978784,37.0591346332782,-78.597314,34.146657,22.666667001,17.25000000036,1989.24999999936,1994.666667,281
326,84,4.08333366763996,-78.5351963380016,37.2848355427045,-79.272741,36.868785,22.666667001,18.58333333336,1990.58333333236,1994.666667,315
246,4,4.08333366699996,-78.564008253739,38.2647298378109,-77.855946,37.067381,22.666667001,18.583333334,1990.583333333,1994.666667,313
461,221,0.860674995117314,-74.6372778030663,40.1865700349566,-75.796623,39.122444,22.666667001,21.8059920058826,1993.80599200488,1994.666667,377
459,218,2.75000033366996,-74.7238694086625,40.1219289275814,-76.108818,37.707386,22.916667001,20.16666666733,1992.16666666633,1994.916667,340
335,94,3.08333300037003,-77.2519341334704,39.2947605765553,-77.969029,39.56308,23.083333001,20.00000000063,1991.99999999963,1995.083333,339
262,263,1.083333333,-78.3514534796829,39.1454518742491,-78.4649775131526,39.1390530926936,23.166666666,22.083333333,1994.083333332,1995.166666665,NA
316,317,1.5,-79.1418405517094,34.639289653787,-81.0230619230678,34.3934797593483,23.25000000033,21.75000000033,1993.74999999933,1995.24999999933,NA
412,169,6.16666666831,-75.9820010236921,38.8830511492273,-77.641392,39.713329,23.250000001,17.08333333269,1989.08333333169,1995.25,271
342,100,2.00000000027,-77.483342127044,39.0414444471355,-77.826033,39.081598,23.250000001,21.25000000073,1993.24999999973,1995.25,365
316,73,1.58333300067003,-79.1418405517094,34.639289653787,-78.912088,34.285622,23.333333001,21.75000000033,1993.74999999933,1995.333333,375
292,293,2,-79.3646199814048,39.2764449078497,-79.2345880072151,39.2871715410385,23.4166666667,21.4166666667,1993.4166666657,1995.4166666657,NA
452,453,0.75,-78.5302324869495,35.7525597154116,-78.4238433530708,35.6429952068511,23.41666666703,22.66666666703,1994.66666666603,1995.41666666603,NA
467,469,2.416666667,-75.2759183464108,40.8365926329705,-75.3320534402627,40.7932692030829,23.41666666733,21.00000000033,1992.99999999933,1995.41666666633,NA
302,61,2.16666700099996,-79.5120628724122,39.5363956945407,-79.741041,39.773622,23.416667001,21.25,1993.249999999,1995.416667,366
371,128,0.916667002339956,-75.5577169213787,40.2145577763133,-75.717834,40.387358,23.416667001,22.49999999866,1994.49999999766,1995.416667,386
262,21,1.58333366799996,-78.3514534796829,39.1454518742491,-77.7033,39.225762,23.666667001,22.083333333,1994.083333332,1995.666667,382
308,65,6.41666666766999,-77.3227667388224,39.3253606292475,-77.593493,37.780379,23.750000001,17.33333333333,1989.33333333233,1995.75,282
422,180,4.50000000068,-75.9522614611515,39.4082547853903,-75.179438,40.06311,23.750000001,19.25000000032,1991.24999999932,1995.75,322
285,44,4.49999966700003,-80.8749564884297,35.683419523021,-80.620374,34.87105,23.833333001,19.333333334,1991.333333333,1995.833333,327
413,414,6.583333333,-78.2332737944739,36.4471186056659,-79.3511074214155,37.0796532135858,23.83333333299,17.24999999999,1989.24999999899,1995.83333333199,NA
453,454,0.416666666699999,-78.4238433530708,35.6429952068511,-78.5530378636575,35.694612211199,23.83333333373,23.41666666703,1995.41666666603,1995.83333333273,NA
263,264,1.083333333,-78.4649775131526,39.1390530926936,-78.677243337883,39.1250299264387,24.249999999,23.166666666,1995.166666665,1996.249999998,NA
428,429,3.333333333,-74.9346093225387,41.1518715998784,-74.3694296432744,41.4675653753908,24.24999999999,20.91666666699,1992.91666666599,1996.24999999899,NA
452,211,1.58333333397,-78.5302324869495,35.7525597154116,-78.352094,35.576255,24.250000001,22.66666666703,1994.66666666603,1996.25,389
429,431,0.0833333333299997,-74.3694296432744,41.4675653753908,-74.3444425198517,41.4495980324605,24.33333333332,24.24999999999,1996.24999999899,1996.33333333232,NA
317,318,1.25,-81.0230619230678,34.3934797593483,-80.8688465536173,34.1009785158697,24.50000000033,23.25000000033,1995.24999999933,1996.49999999933,NA
451,210,3.58333333397,-77.673553194533,37.0615266881278,-77.385527,36.93932,24.500000001,20.91666666703,1992.91666666603,1996.5,350
264,24,0.250000002,-78.677243337883,39.1250299264387,-78.4959033132235,39.260932072545,24.500000001,24.249999999,1996.249999998,1996.5,409
282,40,2.49999966800004,-79.1043332522011,34.8322384200819,-79.358335,34.55288,24.583333001,22.083333333,1994.083333332,1996.583333,380
369,370,3.416666667,-76.2509565779028,40.8254212801275,-75.2374677912233,40.8015462409097,24.58333333266,21.16666666566,1993.16666666466,1996.58333333166,NA
371,372,2.166666667,-75.5577169213787,40.2145577763133,-75.6453765946322,40.3624249197159,24.66666666566,22.49999999866,1994.49999999766,1996.66666666466,NA
329,87,5.00000033366996,-79.9714595746445,35.265900070505,-80.4125026306239,35.0389859230649,24.666667001,19.66666666733,1991.66666666633,1996.666667,333
303,304,2.833333333,-79.5444242248964,39.6700472584518,-79.4443429747907,39.5730257115145,24.7499999997,21.9166666667,1993.9166666657,1996.7499999987,NA
318,319,0.25,-80.8688465536173,34.1009785158697,-80.8771253637639,34.125317288439,24.75000000033,24.50000000033,1996.49999999933,1996.74999999933,NA
399,156,9.16666666801,-76.5091646441233,40.0094135110689,-78.39443,38.945346,24.750000001,15.58333333299,1987.58333333199,1996.75,235
438,197,7.25000000101,-77.2270494278098,39.2733484604897,-76.44533,39.612099,24.750000001,17.49999999999,1989.49999999899,1996.75,293
467,468,3.833333333,-75.2759183464108,40.8365926329705,-75.9040376917478,40.021409891565,24.83333333333,21.00000000033,1992.99999999933,1996.83333333233,NA
342,343,3.583333333,-77.483342127044,39.0414444471355,-77.3821555047399,39.7146102178515,24.83333333373,21.25000000073,1993.24999999973,1996.83333333273,NA
440,441,3.916666667,-78.6802001321682,38.7942148451045,-78.8642820415716,39.3268729464007,25.00000000099,21.08333333399,1993.08333333299,1996.99999999999,NA
315,72,4.66666666767,-78.6642940738768,35.5512576982774,-78.528245,35.396306,25.000000001,20.33333333333,1992.33333333233,1997,344
454,214,1.16666666727,-78.5530378636575,35.694612211199,-78.534576,35.099279,25.000000001,23.83333333373,1995.83333333273,1997,405
318,75,0.666667000669957,-80.8688465536173,34.1009785158697,-79.842123,33.122142,25.166667001,24.50000000033,1996.49999999933,1997.166667,412
468,227,0.333333667669962,-75.9040376917478,40.021409891565,-75.880983,40.034816,25.166667001,24.83333333333,1996.83333333233,1997.166667,422
388,389,6.833333333,-79.0137243544289,35.9834764348974,-77.3234478502609,37.0271212726288,25.24999999906,18.41666666606,1990.41666666506,1997.24999999806,NA
431,432,0.916666666699999,-74.3444425198517,41.4495980324605,-74.0352794301749,41.3787195746751,25.25000000002,24.33333333332,1996.33333333232,1997.24999999902,NA
457,458,8.5,-75.7991516743003,40.6844244042996,-76.4940047071202,40.8080572795985,25.33333333433,16.83333333433,1988.83333333333,1997.33333333333,NA
441,442,0.416666666699999,-78.8642820415716,39.3268729464007,-79.4074727900802,39.3891179725411,25.41666666769,25.00000000099,1996.99999999999,1997.41666666669,NA
314,70,5.58333333366999,-78.9484203716119,34.9286918236574,-79.71857,36.869103,25.500000001,19.91666666733,1991.91666666633,1997.5,336
264,23,1.33333300200004,-78.677243337883,39.1250299264387,-78.4935939198976,39.2661003102445,25.583333001,24.249999999,1996.249999998,1997.583333,408
432,191,0.333333000980041,-74.0352794301749,41.3787195746751,-74.0519443265284,41.3560206108796,25.583333001,25.25000000002,1997.24999999902,1997.583333,431
389,390,0.416666666699999,-77.3234478502609,37.0271212726288,-77.373887460037,36.9703676255167,25.66666666576,25.24999999906,1997.24999999806,1997.66666666476,NA
261,19,4.41666633400003,-77.6472755514068,39.2462534166732,-77.441302,39.518597,25.833333001,21.416666667,1993.416666666,1997.833333,368
372,373,1.166666667,-75.6453765946322,40.3624249197159,-75.6356678080023,40.5127829850106,25.83333333266,24.66666666566,1996.66666666466,1997.83333333166,NA
304,64,1.33333300130004,-79.4443429747907,39.5730257115145,-79.3007285060543,39.3155841913737,26.083333001,24.7499999997,1996.7499999987,1998.083333,419
441,443,1.083333333,-78.8642820415716,39.3268729464007,-78.6575313495477,38.8312450341997,26.08333333399,25.00000000099,1996.99999999999,1998.08333333299,NA
469,471,2.75,-75.3320534402627,40.7932692030829,-75.6858298122041,40.6261840553849,26.16666666733,23.41666666733,1995.41666666633,1998.16666666633,NA
361,120,4.08333366566995,-79.9332904205951,40.4326777004018,-79.521826,40.820906,26.166667001,22.08333333533,1994.08333333433,1998.166667,384
440,199,5.16666666701,-78.6802001321682,38.7942148451045,-78.0823303494636,38.7492074574002,26.250000001,21.08333333399,1993.08333333299,1998.25,361
335,93,6.41666700036996,-77.2519341334704,39.2947605765553,-76.693262,39.4692,26.416667001,20.00000000063,1991.99999999963,1998.416667,338
458,216,1.08333366666996,-76.4940047071202,40.8080572795985,-76.6255532385349,41.0951978491097,26.416667001,25.33333333433,1997.33333333333,1998.416667,432
429,430,2.25,-74.3694296432744,41.4675653753908,-74.7020556068908,41.5200022076475,26.49999999999,24.24999999999,1996.24999999899,1998.49999999899,NA
319,76,1.91666700066996,-80.8771253637639,34.125317288439,-81.300336,33.477743,26.666667001,24.75000000033,1996.74999999933,1998.666667,420
468,228,1.91666666767,-75.9040376917478,40.021409891565,-75.20656,39.629417,26.750000001,24.83333333333,1996.83333333233,1998.75,423
390,148,1.16666633524004,-77.373887460037,36.9703676255167,-77.110254,36.159855,26.833333001,25.66666666576,1997.66666666476,1998.833333,438
290,291,6.25,-79.2399293716548,39.2764492063774,-79.9167071491484,39.2518299588735,27,20.75,1992.749999999,1998.999999999,NA
292,51,5.5833333343,-79.3646199814048,39.2764449078497,-79.5094313508763,39.1575421160152,27.000000001,21.4166666667,1993.4166666657,1999,370
282,41,4.916666668,-79.1043332522011,34.8322384200819,-79.874782,37.270544,27.000000001,22.083333333,1994.083333332,1999,381
453,212,3.66666633397003,-78.4238433530708,35.6429952068511,-79.739115,35.096733,27.083333001,23.41666666703,1995.41666666603,1999.083333,401
373,374,1.25,-75.6356678080023,40.5127829850106,-75.4476395622602,40.1137412523211,27.08333333266,25.83333333266,1997.83333333166,1999.08333333166,NA
291,50,0.166667000999958,-79.9167071491484,39.2518299588735,-79.867964,39.409434,27.166667001,27,1998.999999999,1999.166667,455
471,474,1.083333333,-75.6858298122041,40.6261840553849,-75.6155781229939,40.5896597968039,27.25000000033,26.16666666733,1998.16666666633,1999.24999999933,NA
454,213,3.41666666727,-78.5530378636575,35.694612211199,-78.852025,36.185123,27.250000001,23.83333333373,1995.83333333273,1999.25,404
431,189,2.91666666768,-74.3444425198517,41.4495980324605,-74.544647,41.546241,27.250000001,24.33333333332,1996.33333333232,1999.25,410
370,127,2.66666666833999,-75.2374677912233,40.8015462409097,-74.864483,40.786347,27.250000001,24.58333333266,1996.58333333166,1999.25,415
469,470,4.083333333,-75.3320534402627,40.7932692030829,-75.359497366034,40.2860012703882,27.50000000033,23.41666666733,1995.41666666633,1999.49999999933,NA
293,53,4.0833333343,-79.2345880072151,39.2871715410385,-78.810897,39.999211,27.500000001,23.4166666667,1995.4166666657,1999.5,399
343,344,2.75,-77.3821555047399,39.7146102178515,-76.6690281301194,40.4452263200848,27.58333333373,24.83333333373,1996.83333333273,1999.58333333273,NA
471,472,1.416666667,-75.6858298122041,40.6261840553849,-75.4482080182769,40.7645452448853,27.58333333433,26.16666666733,1998.16666666633,1999.58333333333,NA
443,444,1.666666667,-78.6575313495477,38.8312450341997,-78.8359942258432,38.5968311233798,27.75000000099,26.08333333399,1998.08333333299,1999.74999999999,NA
344,103,0.166666667269997,-76.6690281301194,40.4452263200848,-76.684839,40.324685,27.750000001,27.58333333373,1999.58333333273,1999.75,463
313,69,8.49999966767004,-78.9770107942549,35.107895858222,-78.117699,35.603786,27.833333001,19.33333333333,1991.33333333233,1999.833333,468
432,190,2.58333300098004,-74.0352794301749,41.3787195746751,-74.156637,41.754133,27.833333001,25.25000000002,1997.24999999902,1999.833333,430
474,475,0.666666666699999,-75.6155781229939,40.5896597968039,-75.5644167615293,40.9224058864342,27.91666666703,27.25000000033,1999.24999999933,1999.91666666603,NA
470,230,0.41666700066996,-75.359497366034,40.2860012703882,-74.932718,41.371473,27.916667001,27.50000000033,1999.49999999933,1999.916667,461
324,81,10.99999966734,-78.2990348613951,35.6730435931256,-81.378086,33.836626,28.083333001,17.08333333366,1989.08333333266,2000.083333,276
385,143,14.91666700094,-79.6361937190247,36.128907938595,-80.030229,37.690754,28.166667001,13.25000000006,1985.24999999906,2000.166667,444
414,415,4.416666667,-79.3511074214155,37.0796532135858,-79.2034257995166,38.6019158479949,28.24999999999,23.83333333299,1995.83333333199,2000.24999999899,NA
390,149,2.58333333524,-77.373887460037,36.9703676255167,-77.972125,37.046611,28.250000001,25.66666666576,1997.66666666476,2000.25,439
472,231,0.749999666670035,-75.4482080182769,40.7645452448853,-76.243674,41.755125,28.333333001,27.58333333433,1999.58333333333,2000.333333,476
291,49,1.500000001,-79.9167071491484,39.2518299588735,-80.011537,39.055671,28.500000001,27,1998.999999999,2000.5,454
470,229,1.00000000067,-75.359497366034,40.2860012703882,-74.728658,40.264745,28.500000001,27.50000000033,1999.49999999933,2000.5,460
301,60,9.41666700099996,-79.1378804221509,38.453965913309,-79.1885631070353,39.6728577974318,28.666667001,19.25,1991.249999999,2000.666667,320
273,274,9.25,-80.0486805049496,38.4265827434146,-79.4292171149641,39.3224515799059,28.8333333337,19.5833333337,1991.5833333327,2000.8333333327,NA
475,476,1,-75.5644167615293,40.9224058864342,-75.929341561112,41.416991428637,28.91666666703,27.91666666703,1999.91666666603,2000.91666666603,NA
414,171,5.08333366800996,-79.3511074214155,37.0796532135858,-79.361949,37.2312,28.916667001,23.83333333299,1995.83333333199,2000.916667,403
274,275,0.166666666699999,-79.4292171149641,39.3224515799059,-79.2250717539671,39.0470274374978,29.0000000004,28.8333333337,2000.8333333327,2000.9999999994,NA
313,68,9.83333366766996,-78.9770107942549,35.107895858222,-79.97498,34.769655,29.166667001,19.33333333333,1991.33333333233,2001.166667,324
274,32,0.333333667299957,-79.4292171149641,39.3224515799059,-79.30427353939,39.3143235639994,29.166667001,28.8333333337,2000.8333333327,2001.166667,481
275,34,0.166667000599958,-79.2250717539671,39.0470274374978,-79.21208,39.120868,29.166667001,29.0000000004,2000.9999999994,2001.166667,489
361,121,7.24999966567003,-79.9332904205951,40.4326777004018,-80.1283516320925,39.4567504656472,29.333333001,22.08333333533,1994.08333333433,2001.333333,385
444,204,1.58333300001004,-78.8359942258432,38.5968311233798,-78.989226,38.575304,29.333333001,27.75000000099,1999.74999999999,2001.333333,471
442,201,4.00000033330996,-79.4074727900802,39.3891179725411,-79.7961189845445,39.2059870646935,29.416667001,25.41666666769,1997.41666666669,2001.416667,435
476,234,0.500000333969961,-75.929341561112,41.416991428637,-76.029871,41.501849,29.416667001,28.91666666703,2000.91666666603,2001.416667,482
372,129,4.83333333533999,-75.6453765946322,40.3624249197159,-76.341085159633,40.0805524440077,29.500000001,24.66666666566,1996.66666666466,2001.5,416
374,131,2.58333366833995,-75.4476395622602,40.1137412523211,-75.554202,40.584266,29.666667001,27.08333333266,1999.08333333166,2001.666667,457
303,62,8.00000033429996,-79.5444242248964,39.6700472584518,-79.877129,40.511679,29.916667001,21.9166666667,1993.9166666657,2001.916667,443
370,126,5.74999966834003,-75.2374677912233,40.8015462409097,-75.543712,41.664012,30.333333001,24.58333333266,1996.58333333166,2002.333333,414
476,235,1.41666633397004,-75.929341561112,41.416991428637,-75.863594,41.480084,30.333333001,28.91666666703,2000.91666666603,2002.333333,483
475,477,2.583333333,-75.5644167615293,40.9224058864342,-77.2774167671329,42.3948207423642,30.50000000003,27.91666666703,1999.91666666603,2002.49999999903,NA
415,172,2.33333300101004,-79.2034257995166,38.6019158479949,-79.7827821755673,38.442663775557,30.583333001,28.24999999999,2000.24999999899,2002.583333,478
477,237,0.166667000969962,-77.2774167671329,42.3948207423642,-77.311338,42.342766,30.666667001,30.50000000003,2002.49999999903,2002.666667,499
317,74,7.50000000067,-81.0230619230678,34.3934797593483,-81.143263,34.108145,30.750000001,23.25000000033,1995.24999999933,2002.75,392
344,102,3.16666666727,-76.6690281301194,40.4452263200848,-76.951223,40.345425,30.750000001,27.58333333373,1999.58333333273,2002.75,462
458,217,5.49999966667004,-76.4940047071202,40.8080572795985,-78.028275,42.181205,30.833333001,25.33333333433,1997.33333333333,2002.833333,433
472,473,3.25,-75.4482080182769,40.7645452448853,-75.9052697260821,42.3651401220782,30.83333333433,27.58333333433,1999.58333333333,2002.83333333333,NA
415,173,2.66666700100996,-79.2034257995166,38.6019158479949,-79.4199688557101,38.214588556453,30.916667001,28.24999999999,2000.24999999899,2002.916667,479
329,330,11.33333333,-79.9714595746445,35.265900070505,-79.5875397917163,35.0118244261537,30.99999999733,19.66666666733,1991.66666666633,2002.99999999633,NA
444,203,3.25000000001,-78.8359942258432,38.5968311233798,-80.126108579426,39.460586140782,31.000000001,27.75000000099,1999.74999999999,2003,470
373,375,5.333333333,-75.6356678080023,40.5127829850106,-73.9886034539943,41.5095846581235,31.16666666566,25.83333333266,1997.83333333166,2003.16666666466,NA
319,77,6.50000000067,-80.8771253637639,34.125317288439,-78.807056,35.693079,31.250000001,24.75000000033,1996.74999999933,2003.25,421
374,130,4.16666666833999,-75.4476395622602,40.1137412523211,-75.347134,39.897043,31.250000001,27.08333333266,1999.08333333166,2003.25,496
474,478,4.083333333,-75.6155781229939,40.5896597968039,-74.8649954137372,40.2434075786711,31.33333333333,27.25000000033,1999.24999999933,2003.33333333233,NA
330,331,0.416666666699999,-79.5875397917163,35.0118244261537,-80.6034065196803,35.2090471540628,31.41666666403,30.99999999733,2002.99999999633,2003.41666666303,NA
293,52,8.0833333343,-79.2345880072151,39.2871715410385,-79.5109192098999,39.1611501451067,31.500000001,23.4166666667,1995.4166666657,2003.5,485
389,147,6.25000000194,-77.3234478502609,37.0271212726288,-77.195487,37.80944,31.500000001,25.24999999906,1997.24999999806,2003.5,501
473,233,0.749999666670035,-75.9052697260821,42.3651401220782,-76.432077,42.642588,31.583333001,30.83333333433,2002.83333333333,2003.583333,507
331,89,0.166666336970035,-80.6034065196803,35.2090471540628,-80.4144808498983,35.0393166418703,31.583333001,31.41666666403,2003.41666666303,2003.583333,518
430,187,5.16666700100996,-74.7020556068908,41.5200022076475,-74.877344,42.268739,31.666667001,26.49999999999,1998.49999999899,2003.666667,450
343,101,6.91666666727,-77.3821555047399,39.7146102178515,-76.939816,38.80476,31.750000001,24.83333333373,1996.83333333273,2003.75,436
275,33,2.7500000006,-79.2250717539671,39.0470274374978,-79.125555,38.935704,31.750000001,29.0000000004,2000.9999999994,2003.75,493
375,132,0.750000335339955,-73.9886034539943,41.5095846581235,-74.0481172248296,41.3528516021514,31.916667001,31.16666666566,2003.16666666466,2003.916667,514
331,90,0.500000336969958,-80.6034065196803,35.2090471540628,-80.787538,35.172808,31.916667001,31.41666666403,2003.41666666303,2003.916667,519
263,22,8.833333335,-78.4649775131526,39.1390530926936,-78.735007,41.324809,32.000000001,23.166666666,1995.166666665,2004,531
478,238,0.66666666767,-74.8649954137372,40.2434075786711,-74.456538,40.228023,32.000000001,31.33333333333,2003.33333333233,2004,516
478,479,0.833333333299997,-74.8649954137372,40.2434075786711,-75.8918416911587,40.4103172538538,32.16666666663,31.33333333333,2003.33333333233,2004.16666666563,NA
479,240,3.3436996460523e-07,-75.8918416911587,40.4103172538538,-75.891846,40.410337,32.166667001,32.16666666663,2004.16666666563,2004.166667,541
304,63,7.58333300130004,-79.4443429747907,39.5730257115145,-78.717793,39.807114,32.333333001,24.7499999997,1996.7499999987,2004.333333,504
442,200,7.00000033330996,-79.4074727900802,39.3891179725411,-79.668383,39.56705,32.416667001,25.41666666769,1997.41666666669,2004.416667,434
473,232,1.58333366666996,-75.9052697260821,42.3651401220782,-75.671411,42.333719,32.416667001,30.83333333433,2002.83333333333,2004.416667,506
330,88,1.50000000367,-79.5875397917163,35.0118244261537,-79.404122,35.123983,32.500000001,30.99999999733,2002.99999999633,2004.5,535
430,188,6.08333300101004,-74.7020556068908,41.5200022076475,-74.517012,41.15835,32.583333001,26.49999999999,1998.49999999899,2004.583333,451
479,239,0.416666334370042,-75.8918416911587,40.4103172538538,-75.92071,40.628351,32.583333001,32.16666666663,2004.16666666563,2004.583333,540
477,236,2.16666700096996,-77.2774167671329,42.3948207423642,-77.505798,42.591031,32.666667001,30.50000000003,2002.49999999903,2004.666667,549
375,133,1.50000033533995,-73.9886034539943,41.5095846581235,-73.961288,42.380738,32.666667001,31.16666666566,2003.16666666466,2004.666667,538
443,202,6.61666666701004,-78.6575313495477,38.8312450341997,-79.006608145487,39.2744157328531,32.700000001,26.08333333399,1998.08333333299,2004.7,523
