node1,node2,length,startLon,startLat,endLon,endLat,endNodeL,startNodeL,startYear,endYear,tipLabel
171,172,6.833333333,-79.4280059641423,37.9872111849896,-79.2712094026032,38.101651228134,6.833333333,0,1972.000000334,1978.833333667,NA
171,245,4,-79.4280059641423,37.9872111849896,-79.4935826135853,38.0041606272278,4,0,1972.000000334,1976.000000334,NA
245,263,0.0833333333299997,-79.4935826135853,38.0041606272278,-79.5386850398208,38.029098546787,4.08333333333,4,1976.000000334,1976.08333366733,NA
263,264,0.666666666699999,-79.5386850398208,38.029098546787,-79.3318507847294,37.9355304915764,4.75000000003,4.08333333333,1976.08333366733,1976.75000033403,NA
263,290,1.083333333,-79.5386850398208,38.029098546787,-78.2333741196491,37.7137888945635,5.16666666633,4.08333333333,1976.08333366733,1977.16666700033,NA
245,246,1.5,-79.4935826135853,38.0041606272278,-79.5113365576665,39.2471920028037,5.5,4,1976.000000334,1977.500000334,NA
290,303,1.333333333,-78.2333741196491,37.7137888945635,-79.8308720915706,39.6037134459819,6.49999999933,5.16666666633,1977.16666700033,1978.50000033333,NA
303,304,0.666666666699999,-79.8308720915706,39.6037134459819,-79.791281678649,39.621159210535,7.16666666603,6.49999999933,1978.50000033333,1979.16666700003,NA
264,275,3.25,-79.3318507847294,37.9355304915764,-79.277022782977,37.6866800324871,8.00000000003,4.75000000003,1976.75000033403,1980.00000033403,NA
172,202,1.5,-79.2712094026032,38.101651228134,-78.7797183200723,38.6815523952737,8.333333333,6.833333333,1978.833333667,1980.333333667,NA
246,249,2.916666667,-79.5113365576665,39.2471920028037,-79.3518935529389,39.2338808485512,8.416666667,5.5,1977.500000334,1980.416667001,NA
172,173,1.75,-79.2712094026032,38.101651228134,-79.4490144072856,37.9923822137389,8.583333333,6.833333333,1978.833333667,1980.583333667,NA
304,305,1.833333333,-79.791281678649,39.621159210535,-80.0618349179004,37.6697692630074,8.99999999903,7.16666666603,1979.16666700003,1981.00000033303,NA
303,314,2.5,-79.8308720915706,39.6037134459819,-79.962660142959,39.4559060422457,8.99999999933,6.49999999933,1978.50000033333,1981.00000033333,NA
305,306,0.25,-80.0618349179004,37.6697692630074,-80.1271887519969,37.6746766519928,9.24999999903,8.99999999903,1981.00000033303,1981.25000033303,NA
249,256,0.833333333299997,-79.3518935529389,39.2338808485512,-79.4116169074758,39.1554756715632,9.2500000003,8.416666667,1980.416667001,1981.2500003343,NA
246,247,3.916666667,-79.5113365576665,39.2471920028037,-79.5786242495555,39.6519848470848,9.416666667,5.5,1977.500000334,1981.416667001,NA
264,265,4.666666667,-79.3318507847294,37.9355304915764,-79.7300603921135,37.6891025669311,9.41666666703,4.75000000003,1976.75000033403,1981.41666700103,NA
247,248,0.0833333333299962,-79.5786242495555,39.6519848470848,-79.5821358141159,39.6555265219814,9.50000000033,9.416666667,1981.416667001,1981.50000033433,NA
249,250,1.416666667,-79.3518935529389,39.2338808485512,-79.338583797058,39.1939545125987,9.833333334,8.416666667,1980.416667001,1981.833333668,NA
275,277,1.916666667,-79.277022782977,37.6866800324871,-79.761216395841,37.7648694243217,9.91666666703,8.00000000003,1980.00000033403,1981.91666700103,NA
173,178,1.416666667,-79.4490144072856,37.9923822137389,-79.4424690188541,37.9689256093131,10,8.583333333,1980.583333667,1982.000000334,NA
202,203,1.75,-78.7797183200723,38.6815523952737,-78.7927840526688,38.7646690950177,10.083333333,8.333333333,1980.333333667,1982.083333667,NA
173,174,1.583333333,-79.4490144072856,37.9923822137389,-78.926788727465,38.7897156350072,10.166666666,8.583333333,1980.583333667,1982.166667,NA
202,31,1.91666633300004,-78.7797183200723,38.6815523952737,-77.303652,37.136838,10.249999666,8.333333333,1980.333333667,1982.25,22
256,257,1.25,-79.4116169074758,39.1554756715632,-78.1984549969312,41.3878389595121,10.5000000003,9.2500000003,1981.2500003343,1982.5000003343,NA
277,278,0.583333333299997,-79.761216395841,37.7648694243217,-79.8004206725249,37.7827899604591,10.50000000033,9.91666666703,1981.91666700103,1982.50000033433,NA
250,78,0.749999332000076,-79.338583797058,39.1939545125987,-79.390119,39.119119,10.5833326660001,9.833333334,1981.833333668,1982.583333,43
178,179,0.666666666699996,-79.4424690188541,37.9689256093131,-79.4684791303468,37.990876695316,10.6666666667,10,1982.000000334,1982.6666670007,NA
277,106,0.916665998970075,-79.761216395841,37.7648694243217,-80.388088679794,37.4843701441463,10.8333326660001,9.91666666703,1981.91666700103,1982.833333,45
203,205,0.75,-78.7927840526688,38.7646690950177,-78.6641425492161,38.80075325771,10.833333333,10.083333333,1982.083333667,1982.833333667,NA
179,180,0.25,-79.4684791303468,37.990876695316,-79.4732807151833,37.9081507470554,10.9166666667,10.6666666667,1982.6666670007,1982.9166670007,NA
247,75,1.58333299900004,-79.5786242495555,39.6519848470848,-81.466281,37.743307,10.999999666,9.416666667,1981.416667001,1983,38
248,76,1.58333266567008,-79.5821358141159,39.6555265219814,-79.3083371600451,39.5038306341852,11.0833326660001,9.50000000033,1981.50000033433,1983.083333,40
306,307,1.833333333,-80.1271887519969,37.6746766519928,-79.8116138562487,38.2741913502186,11.08333333203,9.24999999903,1981.25000033303,1983.08333366603,NA
178,6,1.24999966600004,-79.4424690188541,37.9689256093131,-80.477779,38.086193,11.249999666,10,1982.000000334,1983.25,46
314,316,2.33283956846227,-79.962660142959,39.4559060422457,-78.1854265238885,41.905123516064,11.3328395677923,8.99999999933,1981.00000033333,1983.33283990179,NA
316,146,0.000493098207801523,-78.1854265238885,41.905123516064,-78.115124,41.861731,11.3333326660001,11.3328395677923,1983.33283990179,1983.333333,64
275,276,3.38845366195688,-79.277022782977,37.6866800324871,-79.1816356825806,37.6590575208082,11.3884536619869,8.00000000003,1980.00000033403,1983.38845399599,NA
276,105,0.0282130040131214,-79.1816356825806,37.6590575208082,-79.197736,37.701687,11.416666666,11.3884536619869,1983.38845399599,1983.416667,67
179,7,0.83333299930004,-79.4684791303468,37.990876695316,-80.1652607598185,38.4772428180458,11.499999666,10.6666666667,1982.6666670007,1983.5,57
250,251,1.75,-79.338583797058,39.1939545125987,-79.3416383309737,39.2555981476931,11.583333334,9.833333334,1981.833333668,1983.583333668,NA
180,188,0.833333333300004,-79.4732807151833,37.9081507470554,-79.3669645574685,38.0256521050938,11.75,10.9166666667,1982.9166670007,1983.750000334,NA
205,213,1,-78.6641425492161,38.80075325771,-78.9933373297795,39.0552773916748,11.833333333,10.833333333,1982.833333667,1983.833333667,NA
278,279,1.333333333,-79.8004206725249,37.7827899604591,-79.7769753766147,37.6154324829221,11.83333333333,10.50000000033,1982.50000033433,1983.83333366733,NA
305,134,2.91666666697,-80.0618349179004,37.6697692630074,-80.323585,37.865109,11.916666666,8.99999999903,1981.00000033303,1983.916667,31
276,104,0.61154600401316,-79.1816356825806,37.6590575208082,-79.2946802638395,37.9607679674335,11.999999666,11.3884536619869,1983.38845399599,1984,66
205,206,1.25,-78.6641425492161,38.80075325771,-78.615885590876,38.7934131517811,12.083333333,10.833333333,1982.833333667,1984.083333667,NA
188,195,0.416666666699996,-79.3669645574685,38.0256521050938,-79.3203254468753,38.0297967916579,12.1666666667,11.75,1983.750000334,1984.1666670007,NA
195,23,0.0833329993000405,-79.3203254468753,38.0297967916579,-79.2946888637331,37.9535402300666,12.249999666,12.1666666667,1984.1666670007,1984.25,78
306,135,3.16666666697,-80.1271887519969,37.6746766519928,-78.050069,38.321019,12.416666666,9.24999999903,1981.25000033303,1984.416667,34
279,108,0.833333332669998,-79.7769753766147,37.6154324829221,-78.850523,37.088281,12.666666666,11.83333333333,1983.83333366733,1984.666667,72
174,175,2.583333333,-78.926788727465,38.7897156350072,-78.1646115601528,37.6746971890781,12.749999999,10.166666666,1982.166667,1984.750000333,NA
290,291,7.583333333,-78.2333741196491,37.7137888945635,-76.4317948717416,37.0479199304342,12.74999999933,5.16666666633,1977.16666700033,1984.75000033333,NA
316,317,1.41716043153773,-78.1854265238885,41.905123516064,-78.0765394611243,42.0034484611918,12.74999999933,11.3328395677923,1983.33283990179,1984.75000033333,NA
213,42,0.999999333000076,-78.9933373297795,39.0552773916748,-78.89706,39.125307,12.8333326660001,11.833333333,1983.833333667,1984.833333,74
248,77,3.49999966567004,-79.5821358141159,39.6555265219814,-79.620845,39.876807,12.999999666,9.50000000033,1981.50000033433,1985,41
175,2,0.416666666999998,-78.1646115601528,37.6746971890781,-77.969891,37.663741,13.166666666,12.749999999,1984.750000333,1985.166667,83
195,196,1,-79.3203254468753,38.0297967916579,-79.241044136769,38.0544661473825,13.1666666667,12.1666666667,1984.1666670007,1985.1666670007,NA
251,252,1.583333333,-79.3416383309737,39.2555981476931,-79.3511770634033,40.0080116651479,13.166666667,11.583333334,1983.583333668,1985.166667001,NA
174,176,3.083333333,-78.926788727465,38.7897156350072,-79.1477196417658,38.8516582688919,13.249999999,10.166666666,1982.166667,1985.250000333,NA
196,197,0.333333333300004,-79.241044136769,38.0544661473825,-79.3216376585836,37.9829697574941,13.5,13.1666666667,1985.1666670007,1985.500000334,NA
251,254,1.916666667,-79.3416383309737,39.2555981476931,-80.0193152481223,39.3645303988972,13.500000001,11.583333334,1983.583333668,1985.500000335,NA
317,147,0.916666666669997,-78.0765394611243,42.0034484611918,-77.951348,42.109305,13.666666666,12.74999999933,1984.75000033333,1985.666667,85
213,214,1.916666667,-78.9933373297795,39.0552773916748,-78.8117716283423,39.8514828821288,13.75,11.833333333,1983.833333667,1985.750000334,NA
304,133,6.66666599997007,-79.791281678649,39.621159210535,-79.877928,39.581921,13.8333326660001,7.16666666603,1979.16666700003,1985.833333,19
265,266,4.416666667,-79.7300603921135,37.6891025669311,-80.3223985726971,36.5666734211009,13.83333333403,9.41666666703,1981.41666700103,1985.83333366803,NA
214,215,0.25,-78.8117716283423,39.8514828821288,-78.7732356008379,39.8215246510716,14,13.75,1985.750000334,1986.000000334,NA
254,82,0.74999966500004,-80.0193152481223,39.3645303988972,-79.9049152790509,39.1435751152803,14.249999666,13.500000001,1985.500000335,1986.25,92
257,85,3.83333266570008,-78.1984549969312,41.3878389595121,-77.998564,41.532483,14.3333326660001,10.5000000003,1982.5000003343,1986.333333,52
176,177,1.083333333,-79.1477196417658,38.8516582688919,-78.9915576873709,38.9543742100055,14.333333332,13.249999999,1985.250000333,1986.333333666,NA
206,34,2.41666633300004,-78.615885590876,38.7934131517811,-78.544606,38.760845,14.499999666,12.083333333,1984.083333667,1986.5,76
215,44,0.583332666000075,-78.7732356008379,39.8215246510716,-78.749537,39.648775,14.5833326660001,14,1986.000000334,1986.583333,100
307,309,3.583333333,-79.8116138562487,38.2741913502186,-79.9755664094887,38.280333755187,14.66666666503,11.08333333203,1983.08333366603,1986.66666699903,NA
256,258,5.583333333,-79.4116169074758,39.1554756715632,-78.3694510545612,39.4652541339423,14.8333333333,9.2500000003,1981.2500003343,1986.8333336673,NA
291,120,2.16666666667,-76.4317948717416,37.0479199304342,-76.778649,37.078415,14.916666666,12.74999999933,1984.75000033333,1986.916667,80
258,87,0.083333332699997,-78.3694510545612,39.4652541339423,-78.457565,39.500986,14.916666666,14.8333333333,1986.8333336673,1986.916667,107
309,310,0.333333333300001,-79.9755664094887,38.280333755187,-80.0297651211591,38.3546927901975,14.99999999833,14.66666666503,1986.66666699903,1987.00000033233,NA
206,207,2.916666667,-78.615885590876,38.7934131517811,-78.5358789355367,38.8890599057742,15,12.083333333,1984.083333667,1987.000000334,NA
215,216,1,-78.7732356008379,39.8215246510716,-78.4693134279058,39.9018580170914,15,14,1986.000000334,1987.000000334,NA
177,4,0.749999334000073,-78.9915576873709,38.9543742100055,-78.960787,38.965675,15.0833326660001,14.333333332,1986.333333666,1987.083333,102
207,208,0.166666666699996,-78.5358789355367,38.8890599057742,-78.5364001046001,38.8794450761125,15.1666666667,15,1987.000000334,1987.1666670007,NA
216,217,0.166666666699996,-78.4693134279058,39.9018580170914,-78.4114868118842,39.8727225093278,15.1666666667,15,1987.000000334,1987.1666670007,NA
176,3,1.99999966700004,-79.1477196417658,38.8516582688919,-78.768086,38.136006,15.249999666,13.249999999,1985.250000333,1987.25,91
217,223,0.0833333333300033,-78.4114868118842,39.8727225093278,-78.4833024298828,40.0930844282971,15.25000000003,15.1666666667,1987.1666670007,1987.25000033403,NA
314,315,6.333333333,-79.962660142959,39.4559060422457,-79.9733230477592,39.7851859442202,15.33333333233,8.99999999933,1981.00000033333,1987.33333366633,NA
266,94,1.58333333197,-80.3223985726971,36.5666734211009,-79.724824,37.624512,15.416666666,13.83333333403,1985.83333366803,1987.416667,98
223,51,0.166666665969998,-78.4833024298828,40.0930844282971,-78.462415,40.080115,15.416666666,15.25000000003,1987.25000033403,1987.416667,118
223,224,0.333333333299997,-78.4833024298828,40.0930844282971,-78.4751955901233,40.0756962963234,15.58333333333,15.25000000003,1987.25000033403,1987.58333366733,NA
175,1,2.916666667,-78.1646115601528,37.6746971890781,-77.748583,37.596081,15.666666666,12.749999999,1984.750000333,1987.666667,82
214,43,1.916666666,-78.8117716283423,39.8514828821288,-78.652957,40.749034,15.666666666,13.75,1985.750000334,1987.666667,96
291,292,2.916666667,-76.4317948717416,37.0479199304342,-76.3757083084872,36.811377743505,15.66666666633,12.74999999933,1984.75000033333,1987.66666700033,NA
307,308,4.916666667,-79.8116138562487,38.2741913502186,-80.3918300477015,37.5525440690837,15.99999999903,11.08333333203,1983.08333366603,1988.00000033303,NA
278,107,5.58333266567008,-79.8004206725249,37.7827899604591,-80.713981,37.023011,16.0833326660001,10.50000000033,1982.50000033433,1988.083333,55
315,144,0.749999333670075,-79.9733230477592,39.7851859442202,-79.974108,39.755668,16.0833326660001,15.33333333233,1987.33333366633,1988.083333,120
217,218,0.916666666700003,-78.4114868118842,39.8727225093278,-78.6083675144926,40.2164417061406,16.0833333334,15.1666666667,1987.1666670007,1988.0833336674,NA
203,204,6.083333333,-78.7927840526688,38.7646690950177,-77.1821137717076,37.3741631920089,16.166666666,10.083333333,1982.083333667,1988.166667,NA
308,136,0.249999666970037,-80.3918300477015,37.5525440690837,-80.3944372251675,37.4786353163608,16.249999666,15.99999999903,1988.00000033303,1988.25,126
204,32,0.25,-77.1821137717076,37.3741631920089,-77.280733,37.308837,16.416666666,16.166666666,1988.166667,1988.416667,130
317,318,3.75,-78.0765394611243,42.0034484611918,-77.5180280809396,42.6686788196109,16.49999999933,12.74999999933,1984.75000033333,1988.50000033333,NA
180,181,5.583333333,-79.4732807151833,37.9081507470554,-79.8508843690391,37.7589421226651,16.4999999997,10.9166666667,1982.9166670007,1988.5000003337,NA
208,210,1.333333333,-78.5364001046001,38.8794450761125,-78.550041755583,38.6290643057589,16.4999999997,15.1666666667,1987.1666670007,1988.5000003337,NA
266,267,3,-80.3223985726971,36.5666734211009,-80.2003650406241,36.6417357891469,16.83333333403,13.83333333403,1985.83333366803,1988.83333366803,NA
279,280,5.083333333,-79.7769753766147,37.6154324829221,-79.375922530791,37.8336210306408,16.91666666633,11.83333333333,1983.83333366733,1988.91666700033,NA
265,93,7.58333299897004,-79.7300603921135,37.6891025669311,-78.789904,37.303701,16.999999666,9.41666666703,1981.41666700103,1989,36
292,295,1.333333333,-76.3757083084872,36.811377743505,-76.3835394525698,36.7031869956278,16.99999999933,15.66666666633,1987.66666700033,1989.00000033333,NA
181,182,0.583333333300001,-79.8508843690391,37.7589421226651,-78.8499462198047,37.6329237840956,17.083333333,16.4999999997,1988.5000003337,1989.083333667,NA
208,209,1.916666667,-78.5364001046001,38.8794450761125,-78.6547490596589,38.7274551356433,17.0833333337,15.1666666667,1987.1666670007,1989.0833336677,NA
182,8,0.166666333000038,-78.8499462198047,37.6329237840956,-78.674596,37.518508,17.249999666,17.083333333,1989.083333667,1989.25,146
280,281,0.416666666699999,-79.375922530791,37.8336210306408,-79.3495993809458,37.8228006580624,17.33333333303,16.91666666633,1988.91666700033,1989.33333366703,NA
258,259,2.583333333,-78.3694510545612,39.4652541339423,-79.017024957901,40.1265798854995,17.4166666663,14.8333333333,1986.8333336673,1989.4166670003,NA
310,139,2.49999966767004,-80.0297651211591,38.3546927901975,-79.502506,38.115991,17.499999666,14.99999999833,1987.00000033233,1989.5,113
295,296,0.5,-76.3835394525698,36.7031869956278,-76.3043469684091,36.7401981547465,17.49999999933,16.99999999933,1989.00000033333,1989.50000033333,NA
197,24,4.08333266600008,-79.3216376585836,37.9829697574941,-79.080084,39.217803,17.5833326660001,13.5,1985.500000334,1989.583333,95
177,5,3.24999933400007,-78.9915576873709,38.9543742100055,-80.21266,38.796791,17.5833326660001,14.333333332,1986.333333666,1989.583333,103
207,35,2.666666666,-78.5358789355367,38.8890599057742,-78.869173,39.464642,17.666666666,15,1987.000000334,1989.666667,108
209,37,0.5833333323,-78.6547490596589,38.7274551356433,-78.9363808188659,38.6577919013562,17.666666666,17.0833333337,1989.0833336677,1989.666667,145
259,260,0.25,-79.017024957901,40.1265798854995,-79.0343288237023,40.1205430225062,17.6666666663,17.4166666663,1989.4166670003,1989.6666670003,NA
292,293,2,-76.3757083084872,36.811377743505,-76.3386819709422,36.7386845022644,17.66666666633,15.66666666633,1987.66666700033,1989.66666700033,NA
318,319,1.166666667,-77.5180280809396,42.6686788196109,-77.4892763697189,42.9133016736297,17.66666666633,16.49999999933,1988.50000033333,1989.66666700033,NA
310,138,2.74999966767004,-80.0297651211591,38.3546927901975,-79.487068,39.459798,17.749999666,14.99999999833,1987.00000033233,1989.75,112
204,33,1.58333300000004,-77.1821137717076,37.3741631920089,-77.025533,37.285028,17.749999666,16.166666666,1988.166667,1989.75,131
188,189,6,-79.3669645574685,38.0256521050938,-78.7859821949182,36.3963620650778,17.75,11.75,1983.750000334,1989.750000334,NA
252,79,4.66666599900007,-79.3511770634033,40.0080116651479,-79.9096749236367,39.1349780370785,17.8333326660001,13.166666667,1985.166667001,1989.833333,87
260,88,0.166665999700076,-79.0343288237023,40.1205430225062,-79.3038957317246,39.5095824127479,17.8333326660001,17.6666666663,1989.6666670003,1989.833333,158
293,121,0.166665999670077,-76.3386819709422,36.7386845022644,-76.375769,36.736081,17.8333326660001,17.66666666633,1989.66666700033,1989.833333,154
224,225,2.25,-78.4751955901233,40.0756962963234,-78.4164504601983,40.2436270352732,17.83333333333,15.58333333333,1987.58333366733,1989.83333366733,NA
257,86,7.49999966570004,-78.1984549969312,41.3878389595121,-78.375448,41.433896,17.999999666,10.5000000003,1982.5000003343,1990,53
182,9,0.916666333000038,-78.8499462198047,37.6329237840956,-79.143738,37.320869,17.999999666,17.083333333,1989.083333667,1990,147
319,320,0.333333333300001,-77.4892763697189,42.9133016736297,-77.474864314714,42.8266833170552,17.99999999963,17.66666666633,1989.66666700033,1990.00000033363,NA
225,226,0.25,-78.4164504601983,40.2436270352732,-78.3862710480978,40.2344092722095,18.08333333333,17.83333333333,1989.83333366733,1990.08333366733,NA
210,38,1.6666666663,-78.550041755583,38.6290643057589,-78.465236,38.533644,18.166666666,16.4999999997,1988.5000003337,1990.166667,137
218,219,2.083333333,-78.6083675144926,40.2164417061406,-78.6288611943221,40.1208018198773,18.1666666664,16.0833333334,1988.0833336674,1990.1666670004,NA
319,149,0.666665999670073,-77.4892763697189,42.9133016736297,-77.68074,42.707729,18.3333326660001,17.66666666633,1989.66666700033,1990.333333,156
295,124,1.49999966667004,-76.3835394525698,36.7031869956278,-76.171549,36.535256,18.499999666,16.99999999933,1989.00000033333,1990.5,142
225,53,0.749999332670079,-78.4164504601983,40.2436270352732,-78.488261,40.258933,18.5833326660001,17.83333333333,1989.83333366733,1990.583333,163
318,148,2.16666666667,-77.5180280809396,42.6686788196109,-77.718931735738,42.6246756412471,18.666666666,16.49999999933,1988.50000033333,1990.666667,135
216,231,3.75,-78.4693134279058,39.9018580170914,-78.4059294121016,39.3207225803759,18.75,15,1987.000000334,1990.750000334,NA
260,89,1.2499999997,-79.0343288237023,40.1205430225062,-79.262055,39.923859,18.916666666,17.6666666663,1989.6666670003,1990.916667,159
181,183,2.416666667,-79.8508843690391,37.7589421226651,-79.9531942623044,37.9245779761613,18.9166666667,16.4999999997,1988.5000003337,1990.9166670007,NA
231,232,0.311174432709365,-78.4059294121016,39.3207225803759,-78.5440578807502,39.326121951639,19.0611744327094,18.75,1990.750000334,1991.06117476671,NA
218,45,2.99999933260008,-78.6083675144926,40.2164417061406,-79.14335,40.524131,19.0833326660001,16.0833333334,1988.0833336674,1991.083333,128
232,60,0.0221582332907104,-78.5440578807502,39.326121951639,-78.573013,39.438963,19.0833326660001,19.0611744327094,1991.06117476671,1991.083333,176
281,282,1.75,-79.3495993809458,37.8228006580624,-79.3783727628563,37.8367633259462,19.08333333303,17.33333333303,1989.33333366703,1991.08333366703,NA
197,198,5.666666667,-79.3216376585836,37.9829697574941,-80.6405493093807,38.2364820702039,19.166666667,13.5,1985.500000334,1991.166667001,NA
296,125,1.91666666667,-76.3043469684091,36.7401981547465,-76.33882,36.587007,19.416666666,17.49999999933,1989.50000033333,1991.416667,152
219,220,1.333333333,-78.6288611943221,40.1208018198773,-78.2709938900655,39.4486592706638,19.4999999994,18.1666666664,1990.1666670004,1991.5000003334,NA
282,111,0.499999332970077,-79.3783727628563,37.8367633259462,-80.328615,37.053372,19.5833326660001,19.08333333303,1991.08333366703,1991.583333,174
315,145,4.33333333367,-79.9733230477592,39.7851859442202,-79.821997,39.58365,19.666666666,15.33333333233,1987.33333366633,1991.666667,121
259,261,2.333333333,-79.017024957901,40.1265798854995,-78.6931403826634,40.1222986175441,19.7499999993,17.4166666663,1989.4166670003,1991.7500003333,NA
267,95,3.08333333197,-80.2003650406241,36.6417357891469,-79.951099,36.503132,19.916666666,16.83333333403,1988.83333366803,1991.916667,139
209,36,2.8333333323,-78.6547490596589,38.7274551356433,-78.027646,37.992698,19.916666666,17.0833333337,1989.0833336677,1991.916667,144
308,137,3.99999966697004,-80.3918300477015,37.5525440690837,-81.12251,36.729447,19.999999666,15.99999999903,1988.00000033303,1992,127
198,25,0.999999999,-80.6405493093807,38.2364820702039,-81.205643,38.343319,20.166666666,19.166666667,1991.166667001,1992.166667,178
189,190,2.5,-78.7859821949182,36.3963620650778,-79.2047059065631,36.8365077455609,20.25,17.75,1989.750000334,1992.250000334,NA
261,262,0.583333333300001,-78.6931403826634,40.1222986175441,-78.5729164866048,40.1266419321604,20.3333333326,19.7499999993,1991.7500003333,1992.3333336666,NA
282,283,1.333333333,-79.3783727628563,37.8367633259462,-79.7831029307881,38.0187852061086,20.41666666603,19.08333333303,1991.08333366703,1992.41666700003,NA
220,221,0.916666666699999,-78.2709938900655,39.4486592706638,-78.3774986030512,39.3788423496051,20.4166666661,19.4999999994,1991.5000003334,1992.4166670001,NA
210,211,4,-78.550041755583,38.6290643057589,-78.2936151828863,40.4625419615298,20.4999999997,16.4999999997,1988.5000003337,1992.5000003337,NA
252,253,7.333333333,-79.3511770634033,40.0080116651479,-79.4155608888097,40.1392793072793,20.5,13.166666667,1985.166667001,1992.500000334,NA
220,47,1.08333266660008,-78.2709938900655,39.4486592706638,-78.320473,39.457163,20.5833326660001,19.4999999994,1991.5000003334,1992.583333,181
261,90,0.999999666700038,-78.6931403826634,40.1222986175441,-78.702291,40.100172,20.749999666,19.7499999993,1991.7500003333,1992.75,182
283,284,0.333333333300001,-79.7831029307881,38.0187852061086,-79.9620696563153,38.1401612546976,20.74999999933,20.41666666603,1992.41666700003,1992.75000033333,NA
221,222,0.333333333300001,-78.3774986030512,39.3788423496051,-78.3897348087404,39.3871279715477,20.7499999994,20.4166666661,1992.4166670001,1992.7500003334,NA
283,286,0.472959800359506,-79.7831029307881,38.0187852061086,-79.7952831169486,37.8767970489763,20.8896264663895,20.41666666603,1992.41666700003,1992.88962680039,NA
224,52,5.33333333267,-78.4751955901233,40.0756962963234,-78.075787,41.394246,20.916666666,15.58333333333,1987.58333366733,1992.916667,122
286,115,0.0270401996104948,-79.7952831169486,37.8767970489763,-79.7617702441871,37.9249291649487,20.916666666,20.8896264663895,1992.88962680039,1992.916667,202
254,255,7.416666667,-80.0193152481223,39.3645303988972,-80.4494968718858,38.9175851101784,20.916666668,13.500000001,1985.500000335,1992.916667002,NA
190,17,0.749999666000036,-79.2047059065631,36.8365077455609,-79.314368,36.615519,20.999999666,20.25,1992.250000334,1993,185
211,39,0.499999666300038,-78.2936151828863,40.4625419615298,-78.45291,40.40936,20.999999666,20.4999999997,1992.5000003337,1993,194
253,81,0.499999666000036,-79.4155608888097,40.1392793072793,-78.820627,40.771274,20.999999666,20.5,1992.500000334,1993,193
286,287,0.110373532970494,-79.7952831169486,37.8767970489763,-79.7975005106303,37.8595580963581,20.99999999936,20.8896264663895,1992.88962680039,1993.00000033336,NA
320,326,3,-77.474864314714,42.8266833170552,-77.6738351262475,42.9193741367136,20.99999999963,17.99999999963,1990.00000033363,1993.00000033363,NA
309,311,6.5,-79.9755664094887,38.280333755187,-80.5221614574562,38.8827473781167,21.16666666503,14.66666666503,1986.66666699903,1993.16666699903,NA
221,48,0.749999999900002,-78.3774986030512,39.3788423496051,-78.314172,39.362219,21.166666666,20.4166666661,1992.4166670001,1993.166667,190
222,50,0.583332666600079,-78.3897348087404,39.3871279715477,-77.514015,37.692657,21.3333326660001,20.7499999994,1992.7500003334,1993.333333,199
311,312,0.166666666699999,-80.5221614574562,38.8827473781167,-80.5014434726845,38.8464600649788,21.33333333173,21.16666666503,1993.16666699903,1993.33333366573,NA
312,141,0.083333334269998,-80.5014434726845,38.8464600649788,-80.422773,38.940806,21.416666666,21.33333333173,1993.33333366573,1993.416667,211
280,109,4.58333299967004,-79.375922530791,37.8336210306408,-80.1629097330692,38.4768462368506,21.499999666,16.91666666633,1988.91666700033,1993.5,140
293,294,3.833333333,-76.3386819709422,36.7386845022644,-75.2738153812122,35.746825432174,21.49999999933,17.66666666633,1989.66666700033,1993.50000033333,NA
326,156,0.583332666370072,-77.6738351262475,42.9193741367136,-77.7198564729849,42.6229031733041,21.5833326660001,20.99999999963,1993.00000033363,1993.583333,205
311,313,0.416666666699999,-80.5221614574562,38.8827473781167,-81.799925531261,37.6930874755748,21.58333333173,21.16666666503,1993.16666699903,1993.58333366573,NA
262,92,1.41666633340004,-78.5729164866048,40.1266419321604,-78.89185,39.643742,21.749999666,20.3333333326,1992.3333336666,1993.75,187
313,142,0.249999334270075,-81.799925531261,37.6930874755748,-80.7952394915605,38.8382444589295,21.8333326660001,21.58333333173,1993.58333366573,1993.833333,214
219,46,3.83333299960004,-78.6288611943221,40.1208018198773,-78.130316,40.714506,21.999999666,18.1666666664,1990.1666670004,1994,168
253,80,1.49999966600004,-79.4155608888097,40.1392793072793,-79.372418,40.28607,21.999999666,20.5,1992.500000334,1994,192
231,235,3.333333333,-78.4059294121016,39.3207225803759,-78.4729708361005,39.332581566174,22.083333333,18.75,1990.750000334,1994.083333667,NA
294,123,0.833332666670078,-75.2738153812122,35.746825432174,-75.341012,35.826424,22.3333326660001,21.49999999933,1993.50000033333,1994.333333,213
296,297,4.833333333,-76.3043469684091,36.7401981547465,-76.3015660724601,36.6788098200803,22.33333333233,17.49999999933,1989.50000033333,1994.33333366633,NA
326,327,1.333333333,-77.6738351262475,42.9193741367136,-77.7720484595242,42.8058555494795,22.33333333263,20.99999999963,1993.00000033363,1994.33333366663,NA
235,236,0.25,-78.4729708361005,39.332581566174,-78.3139302768003,39.6318386514469,22.333333333,22.083333333,1994.083333667,1994.333333667,NA
196,199,9.166666667,-79.241044136769,38.0544661473825,-78.8203934210028,38.9891620428013,22.3333333337,13.1666666667,1985.1666670007,1994.3333336677,NA
297,298,0.0833333333299997,-76.3015660724601,36.6788098200803,-76.3252272552179,36.735181562017,22.41666666566,22.33333333233,1994.33333366633,1994.41666699966,NA
312,140,1.08333333427,-80.5014434726845,38.8464600649788,-80.798021727488,38.8335274238143,22.416666666,21.33333333173,1993.33333366573,1994.416667,210
297,126,0.333333333670002,-76.3015660724601,36.6788098200803,-76.348178,36.727168,22.666666666,22.33333333233,1994.33333366633,1994.666667,220
327,329,0.416666666699999,-77.7720484595242,42.8058555494795,-77.7091624427876,42.743164486471,22.74999999933,22.33333333263,1994.33333366663,1994.75000033333,NA
211,212,2.25,-78.2936151828863,40.4625419615298,-79.4222122219719,40.0822106953958,22.7499999997,20.4999999997,1992.5000003337,1994.7500003337,NA
226,227,4.666666667,-78.3862710480978,40.2344092722095,-78.0285950697114,41.3073779612506,22.75000000033,18.08333333333,1990.08333366733,1994.75000033433,NA
281,110,5.66666633297004,-79.3495993809458,37.8228006580624,-78.932078930752,38.6581479043476,22.999999666,17.33333333303,1989.33333366703,1995,149
284,112,2.24999966667004,-79.9620696563153,38.1401612546976,-80.112682,38.272355,22.999999666,20.74999999933,1992.75000033333,1995,196
190,16,2.83333266600008,-79.2047059065631,36.8365077455609,-79.238075,36.255147,23.0833326660001,20.25,1992.250000334,1995.083333,184
320,321,5.083333333,-77.474864314714,42.8266833170552,-77.8327283772877,42.9168170375118,23.08333333263,17.99999999963,1990.00000033363,1995.08333366663,NA
329,331,0.333333333300001,-77.7091624427876,42.743164486471,-77.7447055359646,42.6927844652433,23.08333333263,22.74999999933,1994.75000033333,1995.08333366663,NA
212,40,0.416666666299999,-79.4222122219719,40.0822106953958,-79.332509,40.105529,23.166666666,22.7499999997,1994.7500003337,1995.166667,230
226,228,5.083333333,-78.3862710480978,40.2344092722095,-78.2595315050726,40.4604180465904,23.16666666633,18.08333333333,1990.08333366733,1995.16666700033,NA
222,49,2.58333266660008,-78.3897348087404,39.3871279715477,-78.303796,39.817028,23.3333326660001,20.7499999994,1992.7500003334,1995.333333,198
236,64,0.999999333000076,-78.3139302768003,39.6318386514469,-78.370618,39.588645,23.3333326660001,22.333333333,1994.333333667,1995.333333,224
199,27,0.999999332300078,-78.8203934210028,38.9891620428013,-78.542409,39.313254,23.3333326660001,22.3333333337,1994.3333336677,1995.333333,219
212,41,0.583332666300077,-79.4222122219719,40.0822106953958,-79.620846,39.876808,23.3333326660001,22.7499999997,1994.7500003337,1995.333333,231
331,332,0.333333333300001,-77.7447055359646,42.6927844652433,-77.7496487806833,42.6177273759423,23.41666666593,23.08333333263,1995.08333366663,1995.41666699993,NA
332,333,0.0833333333299997,-77.7496487806833,42.6177273759423,-77.7332912119375,42.6306927541756,23.49999999926,23.41666666593,1995.41666699993,1995.50000033326,NA
331,335,0.5,-77.7447055359646,42.6927844652433,-77.9859177221488,42.5505952803973,23.58333333263,23.08333333263,1995.08333366663,1995.58333366663,NA
232,233,4.52215890059064,-78.5440578807502,39.326121951639,-77.3530987900697,37.2523104102916,23.5833333333,19.0611744327094,1991.06117476671,1995.5833336673,NA
335,165,0.0833333333699962,-77.9859177221488,42.5505952803973,-77.9913228701266,42.5766989891578,23.666666666,23.58333333263,1995.58333366663,1995.666667,247
298,299,1.333333333,-76.3252272552179,36.735181562017,-76.2838741851987,36.5220788662044,23.74999999866,22.41666666566,1994.41666699966,1995.75000033266,NA
235,237,1.666666667,-78.4729708361005,39.332581566174,-78.1676825781533,38.6499895991387,23.75,22.083333333,1994.083333667,1995.750000334,NA
287,288,2.833333333,-79.7975005106303,37.8595580963581,-79.7746833283308,37.8514936082339,23.83333333236,20.99999999936,1993.00000033336,1995.83333366636,NA
335,336,0.25,-77.9859177221488,42.5505952803973,-78.0503065520299,42.4707602838326,23.83333333263,23.58333333263,1995.58333366663,1995.83333366663,NA
321,323,0.833333333300001,-77.8327283772877,42.9168170375118,-77.9108287896539,42.6672790718631,23.91666666593,23.08333333263,1995.08333366663,1995.91666699993,NA
313,143,2.33333333427,-81.799925531261,37.6930874755748,-81.300539,37.956219,23.916666666,21.58333333173,1993.58333366573,1995.916667,215
237,66,0.166666665999998,-78.1676825781533,38.6499895991387,-78.18219,38.607444,23.916666666,23.75,1995.750000334,1995.916667,249
323,324,0.0833333333299997,-77.9108287896539,42.6672790718631,-77.9198883456873,42.6497081894262,23.99999999926,23.91666666593,1995.91666699993,1996.00000033326,NA
324,325,0.0833333333299997,-77.9198883456873,42.6497081894262,-77.9497670387078,42.6805682732349,24.08333333259,23.99999999926,1996.00000033326,1996.08333366659,NA
298,127,1.83333300034004,-76.3252272552179,36.735181562017,-76.273816,36.666216,24.249999666,22.41666666566,1994.41666699966,1996.25,226
262,91,3.99999933340008,-78.5729164866048,40.1266419321604,-78.421721,41.079925,24.3333326660001,20.3333333326,1992.3333336666,1996.333333,186
288,289,0.5,-79.7746833283308,37.8514936082339,-79.7241744130545,37.8134116863476,24.33333333236,23.83333333236,1995.83333366636,1996.33333366636,NA
287,116,3.49999966664004,-79.7975005106303,37.8595580963581,-78.968015,39.264718,24.499999666,20.99999999936,1993.00000033336,1996.5,206
333,162,0.999999666740035,-77.7332912119375,42.6306927541756,-77.7041,42.621997,24.499999666,23.49999999926,1995.50000033326,1996.5,243
336,337,0.666666666699999,-78.0503065520299,42.4707602838326,-77.910780942485,42.5197858135608,24.49999999933,23.83333333263,1995.83333366663,1996.50000033333,NA
227,55,1.99999966567004,-78.0285950697114,41.3073779612506,-78.13572,41.386473,24.749999666,22.75000000033,1994.75000033433,1996.75,229
237,238,1,-78.1676825781533,38.6499895991387,-78.169354934924,38.5937899484118,24.75,23.75,1995.750000334,1996.750000334,NA
233,61,1.24999933270007,-77.3530987900697,37.2523104102916,-77.14522,37.368142,24.8333326660001,23.5833333333,1995.5833336673,1996.833333,244
337,167,0.333332666670074,-77.910780942485,42.5197858135608,-77.9873562331807,42.5761731579259,24.8333326660001,24.49999999933,1996.50000033333,1996.833333,265
267,268,8,-80.2003650406241,36.6417357891469,-81.204315844603,36.8784557708298,24.83333333403,16.83333333403,1988.83333366803,1996.83333366803,NA
183,185,6,-79.9531942623044,37.9245779761613,-79.9104343905461,38.0260589062652,24.9166666667,18.9166666667,1990.9166670007,1996.9166670007,NA
227,54,2.33333266567008,-78.0285950697114,41.3073779612506,-78.157221,41.04284,25.0833326660001,22.75000000033,1994.75000033433,1997.083333,228
299,300,1.333333333,-76.2838741851987,36.5220788662044,-76.2393141041762,36.7457249226478,25.08333333166,23.74999999866,1995.75000033266,1997.08333366566,NA
327,328,2.75,-77.7720484595242,42.8058555494795,-77.8547637112288,42.9602739588456,25.08333333263,22.33333333263,1994.33333366663,1997.08333366663,NA
336,338,1.25,-78.0503065520299,42.4707602838326,-78.1269276625952,42.497079524616,25.08333333263,23.83333333263,1995.83333366663,1997.08333366663,NA
321,322,2.166666667,-77.8327283772877,42.9168170375118,-77.7192269487598,42.8399147680496,25.24999999963,23.08333333263,1995.08333366663,1997.25000033363,NA
329,330,2.583333333,-77.7091624427876,42.743164486471,-77.6944386375608,42.7155528017921,25.33333333233,22.74999999933,1994.75000033333,1997.33333366633,NA
288,117,1.58333333364,-79.7746833283308,37.8514936082339,-79.7645758032207,37.9277300635235,25.416666666,23.83333333236,1995.83333366636,1997.416667,253
289,119,1.08333333364,-79.7241744130545,37.8134116863476,-78.577287,37.749805,25.416666666,24.33333333236,1996.33333366636,1997.416667,263
185,12,0.499999999299998,-79.9104343905461,38.0260589062652,-80.692485,38.196741,25.416666666,24.9166666667,1996.9166670007,1997.416667,271
289,118,1.16666633364004,-79.7241744130545,37.8134116863476,-80.765615,37.220115,25.499999666,24.33333333236,1996.33333366636,1997.5,262
199,200,3.333333333,-78.8203934210028,38.9891620428013,-78.6586520143908,39.2161801368498,25.6666666667,22.3333333337,1994.3333336677,1997.6666670007,NA
322,150,0.499999666370034,-77.7192269487598,42.8399147680496,-77.719725,42.627335,25.749999666,25.24999999963,1997.25000033363,1997.75,278
325,155,1.74999933341007,-77.9497670387078,42.6805682732349,-77.862954,42.808975,25.8333326660001,24.08333333259,1996.08333366659,1997.833333,261
338,168,0.833333333369996,-78.1269276625952,42.497079524616,-78.346643,41.97202,25.916666666,25.08333333263,1997.08333366663,1997.916667,277
228,229,2.916666667,-78.2595315050726,40.4604180465904,-78.3327163236576,40.6703229265495,26.08333333333,23.16666666633,1995.16666700033,1998.08333366733,NA
299,301,2.416666667,-76.2838741851987,36.5220788662044,-76.4487450986065,36.455441279215,26.16666666566,23.74999999866,1995.75000033266,1998.16666699966,NA
337,166,1.83333266667007,-77.910780942485,42.5197858135608,-78.107341,42.725775,26.3333326660001,24.49999999933,1996.50000033333,1998.333333,264
238,240,1.583333333,-78.169354934924,38.5937899484118,-77.7145340463139,37.9235437813603,26.333333333,24.75,1996.750000334,1998.333333667,NA
200,201,0.666666666699999,-78.6586520143908,39.2161801368498,-78.6550209655469,39.3227526514135,26.3333333334,25.6666666667,1997.6666670007,1998.3333336674,NA
284,285,5.75,-79.9620696563153,38.1401612546976,-77.0927765563118,36.7490276389751,26.49999999933,20.74999999933,1992.75000033333,1998.50000033333,NA
338,339,1.416666667,-78.1269276625952,42.497079524616,-78.1828042665538,42.3795159509488,26.49999999963,25.08333333263,1997.08333366663,1998.50000033363,NA
330,159,1.24999933367008,-77.6944386375608,42.7155528017921,-77.637942,42.635623,26.5833326660001,25.33333333233,1997.33333366633,1998.583333,280
183,184,7.666666667,-79.9531942623044,37.9245779761613,-79.6989615722567,39.0768896821142,26.5833333337,18.9166666667,1990.9166670007,1998.5833336677,NA
300,128,1.58333333434,-76.2393141041762,36.7457249226478,-75.75291,36.206048,26.666666666,25.08333333166,1997.08333366566,1998.666667,274
301,302,0.75,-76.4487450986065,36.455441279215,-76.489049161246,36.3118350801883,26.91666666566,26.16666666566,1998.16666699966,1998.91666699966,NA
268,270,2.083333333,-81.204315844603,36.8784557708298,-81.3722945711673,36.8630193876995,26.91666666703,24.83333333403,1996.83333366803,1998.91666700103,NA
255,83,6.08333299800004,-80.4494968718858,38.9175851101784,-80.52112,39.277591,26.999999666,20.916666668,1992.916667002,1999,200
339,169,0.499999666370034,-78.1828042665538,42.3795159509488,-78.782019,40.747961,26.999999666,26.49999999963,1998.50000033363,1999,296
238,239,2.333333333,-78.169354934924,38.5937899484118,-77.745348362071,37.3136061755111,27.083333333,24.75,1996.750000334,1999.083333667,NA
185,186,2.166666667,-79.9104343905461,38.0260589062652,-80.0140946143914,38.2672559909488,27.0833333337,24.9166666667,1996.9166670007,1999.0833336677,NA
285,113,0.66666666667,-77.0927765563118,36.7490276389751,-76.922184,37.145383,27.166666666,26.49999999933,1998.50000033333,1999.166667,294
186,13,0.083333332299997,-80.0140946143914,38.2672559909488,-79.73033,38.449952,27.166666666,27.0833333337,1999.0833336677,1999.166667,308
233,234,3.583333333,-77.3530987900697,37.2523104102916,-77.293131377129,37.4270800359643,27.1666666663,23.5833333333,1995.5833336673,1999.1666670003,NA
270,272,0.25,-81.3722945711673,36.8630193876995,-81.3334330449901,36.8683110335645,27.16666666703,26.91666666703,1998.91666700103,1999.16666700103,NA
234,62,0.249999999699998,-77.293131377129,37.4270800359643,-77.174841,37.403811,27.416666666,27.1666666663,1999.1666670003,1999.416667,312
234,63,0.249999999699998,-77.293131377129,37.4270800359643,-77.311431,37.50826,27.416666666,27.1666666663,1999.1666670003,1999.416667,313
255,84,6.58333299800004,-80.4494968718858,38.9175851101784,-79.936334,39.351931,27.499999666,20.916666668,1992.916667002,1999.5,201
328,157,2.41666633337003,-77.8547637112288,42.9602739588456,-77.925285,42.688217,27.499999666,25.08333333263,1997.08333366663,1999.5,272
322,151,2.24999966637003,-77.7192269487598,42.8399147680496,-77.681936,42.925165,27.499999666,25.24999999963,1997.25000033363,1999.5,279
239,67,0.416666333000038,-77.745348362071,37.3136061755111,-77.67799,37.326991,27.499999666,27.083333333,1999.083333667,1999.5,306
330,160,2.24999933367008,-77.6944386375608,42.7155528017921,-78.335502,42.069653,27.5833326660001,25.33333333233,1997.33333366633,1999.583333,281
229,230,1.5,-78.3327163236576,40.6703229265495,-78.3093361806215,40.6127476785148,27.58333333333,26.08333333333,1998.08333366733,1999.58333366733,NA
272,273,0.416666666699999,-81.3334330449901,36.8683110335645,-81.2025816131977,36.9455417721775,27.58333333373,27.16666666703,1999.16666700103,1999.58333366773,NA
240,242,1.333333333,-77.7145340463139,37.9235437813603,-77.7609208478361,37.9081694244279,27.666666666,26.333333333,1998.333333667,1999.666667,NA
333,334,4.166666667,-77.7332912119375,42.6306927541756,-78.2929560656682,42.268901879709,27.66666666626,23.49999999926,1995.50000033326,1999.66666700026,NA
184,10,1.16666633230004,-79.6989615722567,39.0768896821142,-80.458067,39.188875,27.749999666,26.5833333337,1998.5833336677,1999.75,298
189,191,10,-78.7859821949182,36.3963620650778,-76.690252861783,36.103900237411,27.75,17.75,1989.750000334,1999.750000334,NA
191,193,0.0833333333299997,-76.690252861783,36.103900237411,-76.6925125035418,36.1723963969346,27.83333333333,27.75,1999.750000334,1999.83333366733,NA
300,129,2.91666633434004,-76.2393141041762,36.7457249226478,-76.375769,36.736082,27.999999666,25.08333333166,1997.08333366566,2000,275
193,20,0.166666332670037,-76.6925125035418,36.1723963969346,-76.721843,36.128531,27.999999666,27.83333333333,1999.83333366733,2000,330
240,241,1.833333333,-77.7145340463139,37.9235437813603,-77.6415319907509,38.0204670059227,28.166666666,26.333333333,1998.333333667,2000.166667,NA
302,132,1.25000000034,-76.489049161246,36.3118350801883,-76.398207,36.209102,28.166666666,26.91666666566,1998.91666699966,2000.166667,305
242,243,0.5,-77.7609208478361,37.9081694244279,-77.711923885628,37.8382450566173,28.166666666,27.666666666,1999.666667,2000.166667,NA
193,194,0.333333333300001,-76.6925125035418,36.1723963969346,-76.749596594701,36.043788352787,28.16666666663,27.83333333333,1999.83333366733,2000.16666700063,NA
324,153,4.33333266674007,-77.9198883456873,42.6497081894262,-77.910084,41.601747,28.3333326660001,23.99999999926,1996.00000033326,2000.333333,258
339,170,1.83333266637007,-78.1828042665538,42.3795159509488,-78.115802,42.397635,28.3333326660001,26.49999999963,1998.50000033363,2000.333333,311
268,269,3.5,-81.204315844603,36.8784557708298,-81.8334890466703,37.4649388706792,28.33333333403,24.83333333403,1996.83333366803,2000.33333366803,NA
332,161,5.08333300007003,-77.7496487806833,42.6177273759423,-78.88826,40.178356,28.499999666,23.41666666593,1995.41666699993,2000.5,241
334,163,0.833332999740033,-78.2929560656682,42.268901879709,-78.337822,42.120486,28.499999666,27.66666666626,1999.66666700026,2000.5,322
273,101,1.08333333227,-81.2025816131977,36.9455417721775,-79.81153,36.326636,28.666666666,27.58333333373,1999.58333366773,2000.666667,321
184,11,2.16666633230004,-79.6989615722567,39.0768896821142,-79.793019,38.941486,28.749999666,26.5833333337,1998.5833336677,2000.75,299
201,30,2.66666633260004,-78.6550209655469,39.3227526514135,-78.976418,39.954928,28.999999666,26.3333333334,1998.3333336674,2001,293
241,70,0.833333000000039,-77.6415319907509,38.0204670059227,-77.69527,37.866773,28.999999666,28.166666666,2000.166667,2001,333
269,97,0.833333331969996,-81.8334890466703,37.4649388706792,-80.515499084962,37.9738717818094,29.166666666,28.33333333403,2000.33333366803,2001.166667,339
270,271,2.41330602769443,-81.3722945711673,36.8630193876995,-81.2620418410511,37.0744891471699,29.3299726947244,26.91666666703,1998.91666700103,2001.32997302872,NA
325,154,5.24999933341007,-77.9497670387078,42.6805682732349,-77.807252,42.806072,29.3333326660001,24.08333333259,1996.08333366659,2001.333333,260
271,99,0.00335997127564358,-81.2620418410511,37.0744891471699,-81.454224,36.950581,29.3333326660001,29.3299726947244,2001.32997302872,2001.333333,343
301,130,3.33333300034004,-76.4487450986065,36.455441279215,-76.633739,36.539981,29.499999666,26.16666666566,1998.16666699966,2001.5,300
191,192,1.75,-76.690252861783,36.103900237411,-76.5888100924866,36.1235067433273,29.5,27.75,1999.750000334,2001.500000334,NA
228,56,6.41666599967008,-78.2595315050726,40.4604180465904,-79.44465,39.915774,29.5833326660001,23.16666666633,1995.16666700033,2001.583333,239
243,72,1.5,-77.711923885628,37.8382450566173,-77.620642,37.805419,29.666666666,28.166666666,2000.166667,2001.666667,335
243,244,1.5,-77.711923885628,37.8382450566173,-77.966597594971,37.9019770636688,29.666666666,28.166666666,2000.166667,2001.666667,NA
323,152,5.83333300007003,-77.9108287896539,42.6672790718631,-77.745933,42.786763,29.749999666,23.91666666593,1995.91666699993,2001.75,256
230,58,2.16666633267004,-78.3093361806215,40.6127476785148,-78.820628,40.771273,29.749999666,27.58333333333,1999.58333366733,2001.75,318
273,274,2.32024770302556,-81.2025816131977,36.9455417721775,-81.2050051934445,36.9095934063058,29.9035810367556,27.58333333373,1999.58333366773,2001.90358137076,NA
285,114,3.41666666667,-77.0927765563118,36.7490276389751,-78.118127,37.979027,29.916666666,26.49999999933,1998.50000033333,2001.916667,295
274,103,0.0130856292444417,-81.2050051934445,36.9095934063058,-81.25354,36.895527,29.916666666,29.9035810367556,2001.90358137076,2001.916667,351
186,187,2.833333333,-80.0140946143914,38.2672559909488,-80.6978251597985,37.6481658887106,29.9166666667,27.0833333337,1999.0833336677,2001.9166670007,NA
198,26,10.833332999,-80.6405493093807,38.2364820702039,-80.458067,39.188874,29.999999666,19.166666667,1991.166667001,2002,289
302,131,3.08333300034004,-76.489049161246,36.3118350801883,-75.823318,35.961089,29.999999666,26.91666666566,1998.91666699966,2002,304
334,164,2.41666599974007,-78.2929560656682,42.268901879709,-78.110636,42.456647,30.0833326660001,27.66666666626,1999.66666700026,2002.083333,323
194,21,2.08333299937004,-76.749596594701,36.043788352787,-76.721843,36.12853,30.249999666,28.16666666663,2000.16666700063,2002.25,336
187,15,0.333332999300037,-80.6978251597985,37.6481658887106,-80.966566,37.001343,30.249999666,29.9166666667,2001.9166670007,2002.25,349
241,69,2.16666600000008,-77.6415319907509,38.0204670059227,-78.226486,38.566345,30.3333326660001,28.166666666,2000.166667,2002.333333,332
271,98,1.08669397127557,-81.2620418410511,37.0744891471699,-81.367823,37.477039,30.416666666,29.3299726947244,2001.32997302872,2002.416667,342
242,71,2.83333300000004,-77.7609208478361,37.9081694244279,-77.890267,37.717492,30.499999666,27.666666666,1999.666667,2002.5,325
192,18,1.08333266600008,-76.5888100924866,36.1235067433273,-76.52141,36.072371,30.5833326660001,29.5,2001.500000334,2002.583333,344
244,73,0.916666000000078,-77.966597594971,37.9019770636688,-78.01881,38.192923,30.5833326660001,29.666666666,2001.666667,2002.583333,346
328,158,5.74999933337007,-77.8547637112288,42.9602739588456,-77.822457,42.842377,30.8333326660001,25.08333333263,1997.08333366663,2002.833333,273
201,29,4.66666633260004,-78.6550209655469,39.3227526514135,-77.197551,37.3677,30.999999666,26.3333333334,1998.3333336674,2003,292
187,14,1.08333299930004,-80.6978251597985,37.6481658887106,-81.021409,38.237223,30.999999666,29.9166666667,2001.9166670007,2003,348
192,19,1.58333266600008,-76.5888100924866,36.1235067433273,-76.98971,36.449445,31.0833326660001,29.5,2001.500000334,2003.083333,345
294,122,10.16666666667,-75.2738153812122,35.746825432174,-75.809337,35.91804,31.666666666,21.49999999933,1993.50000033333,2003.666667,212
239,68,4.583333333,-77.745348362071,37.3136061755111,-77.243791,36.849283,31.666666666,27.083333333,1999.083333667,2003.666667,307
230,59,4.08333333267,-78.3093361806215,40.6127476785148,-78.025364,42.130451,31.666666666,27.58333333333,1999.58333366733,2003.666667,319
244,74,2,-77.966597594971,37.9019770636688,-77.285144,37.432658,31.666666666,29.666666666,2001.666667,2003.666667,347
236,65,9.66666633300004,-78.3139302768003,39.6318386514469,-78.41413,40.423212,31.999999666,22.333333333,1994.333333667,2004,225
229,57,6.08333333267,-78.3327163236576,40.6703229265495,-79.015416,39.589688,32.166666666,26.08333333333,1998.08333366733,2004.166667,329
272,100,4.99999999897,-81.3334330449901,36.8683110335645,-80.558681,36.801007,32.166666666,27.16666666703,1999.16666700103,2004.166667,361
194,22,4.08333299937004,-76.749596594701,36.043788352787,-77.323244,36.262988,32.249999666,28.16666666663,2000.16666700063,2004.25,337
200,28,6.66666599930008,-78.6586520143908,39.2161801368498,-77.27517,37.261502,32.3333326660001,25.6666666667,1997.6666670007,2004.333333,363
269,96,3.99999933197007,-81.8334890466703,37.4649388706792,-81.117121,37.618972,32.3333326660001,28.33333333403,2000.33333366803,2004.333333,359
274,102,2.79641862924453,-81.2050051934445,36.9095934063058,-80.5224588856943,37.9726695741306,32.6999996660001,29.9035810367556,2001.90358137076,2004.7,350
