node1,node2,length,startLon,startLat,endLon,endLat,endNodeL,startNodeL,startYear,endYear,tipLabel
146,147,0.333333333299997,-78.5412659451406,40.4155882405081,-78.5293247381782,40.383082212585,0.333333333299997,0,1971.9999999997,1972.333333333,NA
147,170,0.666666666700003,-78.5293247381782,40.383082212585,-78.4922559246988,40.3441656113725,1,0.333333333299997,1972.333333333,1972.9999999997,NA
146,227,1.583333333,-78.5412659451406,40.4155882405081,-78.6482468379863,40.208553412106,1.583333333,0,1971.9999999997,1973.5833333327,NA
227,228,0.416666666700003,-78.6482468379863,40.208553412106,-78.6815047358793,40.2545029421431,1.9999999997,1.583333333,1973.5833333327,1973.9999999994,NA
228,232,0.333333333299997,-78.6815047358793,40.2545029421431,-78.2249335981175,42.2927545900772,2.333333333,1.9999999997,1973.9999999994,1974.3333333327,NA
232,237,0.0833333333300033,-78.2249335981175,42.2927545900772,-78.1998194710532,42.0908911547236,2.41666666633,2.333333333,1974.3333333327,1974.41666666603,NA
170,192,2.333333333,-78.4922559246988,40.3441656113725,-78.4201588848924,40.4020103614675,3.333333333,1,1972.9999999997,1975.3333333327,NA
232,233,1.75,-78.2249335981175,42.2927545900772,-78.1568029783434,42.5261643849688,4.083333333,2.333333333,1974.3333333327,1976.0833333327,NA
237,256,2.083333333,-78.1998194710532,42.0908911547236,-78.2323587447674,41.9371899466475,4.49999999933,2.41666666633,1974.41666666603,1976.49999999903,NA
256,257,0.0833333333299997,-78.2323587447674,41.9371899466475,-78.0507110498674,42.428353917968,4.58333333266,4.49999999933,1976.49999999903,1976.58333333236,NA
237,238,2.166666667,-78.1998194710532,42.0908911547236,-78.1375316796689,42.0834183043353,4.58333333333,2.41666666633,1974.41666666603,1976.58333333303,NA
170,171,3.666666667,-78.4922559246988,40.3441656113725,-78.4201138829583,40.5727757584044,4.666666667,1,1972.9999999997,1976.6666666667,NA
238,239,0.166666666699999,-78.1375316796689,42.0834183043353,-78.1336737230595,42.0968592082504,4.75000000003,4.58333333333,1976.58333333303,1976.74999999973,NA
147,148,4.916666667,-78.5293247381782,40.383082212585,-78.2717977067001,40.3579907739065,5.2500000003,0.333333333299997,1972.333333333,1977.25,NA
239,241,0.833333333300001,-78.1336737230595,42.0968592082504,-78.1672444723664,42.1069443922313,5.58333333333,4.75000000003,1976.74999999973,1977.58333333303,NA
148,149,0.5,-78.2717977067001,40.3579907739065,-78.1932701841438,40.6056309091088,5.7500000003,5.2500000003,1977.25,1977.75,NA
238,248,1.166666667,-78.1375316796689,42.0834183043353,-78.2192732743969,41.422145146729,5.75000000033,4.58333333333,1976.58333333303,1977.75000000003,NA
241,244,0.416666666699999,-78.1672444723664,42.1069443922313,-78.1517912589967,42.0512963780535,6.00000000003,5.58333333333,1977.58333333303,1977.99999999973,NA
171,174,1.833333333,-78.4201138829583,40.5727757584044,-77.8194237335881,37.4737162850577,6.5,4.666666667,1976.6666666667,1978.4999999997,NA
192,193,3.5,-78.4201588848924,40.4020103614675,-78.624862496418,39.6455289742345,6.833333333,3.333333333,1975.3333333327,1978.8333333327,NA
192,202,3.5,-78.4201588848924,40.4020103614675,-77.999203365541,41.4528610690935,6.833333333,3.333333333,1975.3333333327,1978.8333333327,NA
233,234,3.25,-78.1568029783434,42.5261643849688,-78.2101491692685,42.4441841270756,7.333333333,4.083333333,1976.0833333327,1979.3333333327,NA
149,150,1.833333333,-78.1932701841438,40.6056309091088,-78.2032492422915,40.6473719737484,7.5833333333,5.7500000003,1977.75,1979.583333333,NA
174,178,1.166666667,-77.8194237335881,37.4737162850577,-78.2744454657818,36.4068710695968,7.666666667,6.5,1978.4999999997,1979.6666666667,NA
202,205,0.916666666700003,-77.999203365541,41.4528610690935,-77.4308947490683,40.2873062294394,7.7499999997,6.833333333,1978.8333333327,1979.7499999994,NA
205,209,0.166666666699999,-77.4308947490683,40.2873062294394,-77.38776219788,40.1690235532278,7.9166666664,7.7499999997,1979.7499999994,1979.9166666661,NA
209,210,0.0833333333299997,-77.38776219788,40.1690235532278,-77.3594864712802,40.1686348351118,7.99999999973,7.9166666664,1979.9166666661,1979.99999999943,NA
171,172,4,-78.4201138829583,40.5727757584044,-78.3697271730437,40.2404800996275,8.666666667,4.666666667,1976.6666666667,1980.6666666667,NA
205,206,1,-77.4308947490683,40.2873062294394,-77.3618497763882,40.5556147275958,8.7499999997,7.7499999997,1979.7499999994,1980.7499999994,NA
257,258,4.333333333,-78.0507110498674,42.428353917968,-78.2748211113711,40.7150790706698,8.91666666566,4.58333333266,1976.58333333236,1980.91666666536,NA
210,211,1.25,-77.3594864712802,40.1686348351118,-77.0026443630988,38.123754262449,9.24999999973,7.99999999973,1979.99999999943,1981.24999999943,NA
244,245,3.333333333,-78.1517912589967,42.0512963780535,-78.2170129697797,41.8232073534888,9.33333333303,6.00000000003,1977.99999999973,1981.33333333273,NA
248,249,3.833333333,-78.2192732743969,41.422145146729,-78.3370635128146,40.6212236794778,9.58333333333,5.75000000033,1977.75000000003,1981.58333333303,NA
258,259,0.75,-78.2748211113711,40.7150790706698,-78.291970449647,40.7280042362586,9.66666666566,8.91666666566,1980.91666666536,1981.66666666536,NA
202,203,3.083333333,-77.999203365541,41.4528610690935,-77.7690974095233,42.539035452005,9.916666666,6.833333333,1978.8333333327,1981.9166666657,NA
233,235,5.916666667,-78.1568029783434,42.5261643849688,-78.3706207915015,41.5559474897318,10,4.083333333,1976.0833333327,1981.9999999997,NA
235,236,0.0833333333299997,-78.3706207915015,41.5559474897318,-78.33777342517,41.6166073105903,10.08333333333,10,1981.9999999997,1982.08333333303,NA
259,113,0.583333334639999,-78.291970449647,40.7280042362586,-78.119308,39.963644,10.2500000003,9.66666666566,1981.66666666536,1982.25,70
244,97,4.33333300027004,-78.1517912589967,42.0512963780535,-78.068517,41.970414,10.3333330003,6.00000000003,1977.99999999973,1982.333333,38
245,246,1,-78.2170129697797,41.8232073534888,-78.1787815768857,41.8368793579653,10.33333333303,9.33333333303,1981.33333333273,1982.33333333273,NA
209,63,2.50000033389996,-77.38776219788,40.1690235532278,-77.421732,40.284071,10.4166670003,7.9166666664,1979.9166666661,1982.416667,55
149,2,5,-78.1932701841438,40.6056309091088,-77.961093,40.694563,10.7500000003,5.7500000003,1977.75,1982.75,36
172,24,2.25000033329996,-78.3697271730437,40.2404800996275,-78.0400921008058,38.8972799791891,10.9166670003,8.666666667,1980.6666666667,1982.916667,59
259,114,1.33333333464,-78.291970449647,40.7280042362586,-78.175196,41.122273,11.0000000003,9.66666666566,1981.66666666536,1983,71
246,98,0.66666666727,-78.1787815768857,41.8368793579653,-78.201857,41.699766,11.0000000003,10.33333333303,1982.33333333273,1983,78
206,207,2.666666667,-77.3618497763882,40.5556147275958,-77.4924543388103,40.4129063058938,11.4166666667,8.7499999997,1980.7499999994,1983.4166666664,NA
206,59,2.7500000006,-77.3618497763882,40.5556147275958,-76.97299,37.844732,11.5000000003,8.7499999997,1980.7499999994,1983.5,60
239,240,7.083333333,-78.1336737230595,42.0968592082504,-78.2832336326778,42.2443907835787,11.83333333303,4.75000000003,1976.74999999973,1983.83333333273,NA
150,151,4.25,-78.2032492422915,40.6473719737484,-78.2854264758724,40.7493489107165,11.8333333333,7.5833333333,1979.583333333,1983.833333333,NA
178,182,4.166666667,-78.2744454657818,36.4068710695968,-78.1009848738876,36.5015577904802,11.833333334,7.666666667,1979.6666666667,1983.8333333337,NA
193,46,5.33333366729996,-78.624862496418,39.6455289742345,-78.809531,39.000137,12.1666670003,6.833333333,1978.8333333327,1984.166667,44
172,173,3.583333333,-78.3697271730437,40.2404800996275,-78.3724983009301,40.0658607570089,12.25,8.666666667,1980.6666666667,1984.2499999997,NA
148,1,7,-78.2717977067001,40.3579907739065,-78.236874399006,40.5353592898704,12.2500000003,5.2500000003,1977.25,1984.25,31
211,65,3.08333300057004,-77.0026443630988,38.123754262449,-76.441478,39.380032,12.3333330003,9.24999999973,1981.24999999943,1984.333333,65
256,111,7.91666700096996,-78.2323587447674,41.9371899466475,-77.353842,41.668259,12.4166670003,4.49999999933,1976.49999999903,1984.416667,21
203,56,2.50000033429996,-77.7690974095233,42.539035452005,-78.049918,42.090926,12.4166670003,9.916666666,1981.9166666657,1984.416667,73
173,25,0.333333000300037,-78.3724983009301,40.0658607570089,-78.604187,39.259918,12.5833330003,12.25,1984.2499999997,1984.583333,88
245,247,3.333333333,-78.2170129697797,41.8232073534888,-78.1804510819635,42.3687565202141,12.66666666603,9.33333333303,1981.33333333273,1984.66666666573,NA
207,208,1.25,-77.4924543388103,40.4129063058938,-77.7308674396139,40.1622373936795,12.6666666667,11.4166666667,1983.4166666664,1984.6666666664,NA
234,88,5.33333366729996,-78.2101491692685,42.4441841270756,-78.158827,42.33717,12.6666670003,7.333333333,1979.3333333327,1984.666667,47
182,35,0.833333666299961,-78.1009848738876,36.5015577904802,-78.1382816421782,36.4774236702078,12.6666670003,11.833333334,1983.8333333337,1984.666667,87
182,183,0.916666666699999,-78.1009848738876,36.5015577904802,-78.1383788663129,36.4228144093872,12.7500000007,11.833333334,1983.8333333337,1984.7500000004,NA
210,64,4.83333300057004,-77.3594864712802,40.1686348351118,-78.141192,38.994958,12.8333330003,7.99999999973,1979.99999999943,1984.833333,57
183,184,0.0833333333299997,-78.1383788663129,36.4228144093872,-78.1238998992018,36.4597851066807,12.83333333403,12.7500000007,1984.7500000004,1984.83333333373,NA
236,91,2.91666666697,-78.33777342517,41.6166073105903,-78.473109,41.306026,13.0000000003,10.08333333333,1982.08333333303,1985,77
207,60,1.5833333336,-77.4924543388103,40.4129063058938,-78.615821,39.822852,13.0000000003,11.4166666667,1983.4166666664,1985,81
240,92,1.16666666727,-78.2832336326778,42.2443907835787,-78.268534,42.250017,13.0000000003,11.83333333303,1983.83333333273,1985,82
228,229,11.25,-78.6815047358793,40.2545029421431,-78.4284960156486,40.6627289685684,13.2499999997,1.9999999997,1973.9999999994,1985.2499999994,NA
203,204,3.416666667,-77.7690974095233,42.539035452005,-78.2418867818162,43.000332324864,13.333333333,9.916666666,1981.9166666657,1985.3333333327,NA
204,57,0.0833336672999607,-78.2418867818162,43.000332324864,-78.233382,43.01121,13.4166670003,13.333333333,1985.3333333327,1985.416667,100
240,93,1.66666666727,-78.2832336326778,42.2443907835787,-78.283699,42.348823,13.5000000003,11.83333333303,1983.83333333273,1985.5,83
173,26,1.2500000003,-78.3724983009301,40.0658607570089,-78.433178,40.327091,13.5000000003,12.25,1984.2499999997,1985.5,89
208,62,0.833333333599995,-77.7308674396139,40.1622373936795,-77.666013,40.274044,13.5000000003,12.6666666667,1984.6666666664,1985.5,93
229,230,0.333333333299997,-78.4284960156486,40.6627289685684,-78.4127975277704,40.6934482114125,13.583333333,13.2499999997,1985.2499999994,1985.5833333327,NA
184,188,0.75,-78.1238998992018,36.4597851066807,-78.1312477584627,36.3869660446661,13.58333333403,12.83333333403,1984.83333333373,1985.58333333373,NA
174,175,7.166666667,-77.8194237335881,37.4737162850577,-77.9154317796339,37.5025729087633,13.666666667,6.5,1978.4999999997,1985.6666666667,NA
178,179,6,-78.2744454657818,36.4068710695968,-78.371936505373,35.5830062874387,13.666666667,7.666666667,1979.6666666667,1985.6666666667,NA
204,58,0.416666667299999,-78.2418867818162,43.000332324864,-78.215132,43.047004,13.7500000003,13.333333333,1985.3333333327,1985.75,101
193,194,7.083333333,-78.624862496418,39.6455289742345,-78.6370634208674,39.788199699948,13.916666666,6.833333333,1978.8333333327,1985.9166666657,NA
188,189,0.333333333300001,-78.1312477584627,36.3869660446661,-78.1482058729728,36.4491749990591,13.91666666733,13.58333333403,1985.58333333373,1985.91666666703,NA
151,161,2.416666667,-78.2854264758724,40.7493489107165,-78.2206735206433,40.8584201540049,14.2500000003,11.8333333333,1983.833333333,1986.25,NA
179,31,0.583333333299997,-78.371936505373,35.5830062874387,-78.323479,35.767828,14.2500000003,13.666666667,1985.6666666667,1986.25,108
150,3,6.74999966700004,-78.2032492422915,40.6473719737484,-78.383042,40.464079,14.3333330003,7.5833333333,1979.583333333,1986.333333,49
184,185,1.5,-78.1238998992018,36.4597851066807,-78.1460527447195,36.1558878861512,14.33333333403,12.83333333403,1984.83333333373,1986.33333333373,NA
189,42,0.500000332969961,-78.1482058729728,36.4491749990591,-78.246645,36.341521,14.4166670003,13.91666666733,1985.91666666703,1986.416667,112
185,186,0.25,-78.1460527447195,36.1558878861512,-78.1334737539881,36.3093001723151,14.58333333403,14.33333333403,1986.33333333373,1986.58333333373,NA
175,176,1.083333333,-77.9154317796339,37.5025729087633,-77.927419778086,37.467482044578,14.75,13.666666667,1985.6666666667,1986.7499999997,NA
247,101,2.16666633427004,-78.1804510819635,42.3687565202141,-78.3035012538329,41.49462593238,14.8333330003,12.66666666603,1984.66666666573,1986.833333,91
189,190,0.916666666699999,-78.1482058729728,36.4491749990591,-78.1833971949936,36.2862852816535,14.83333333403,13.91666666733,1985.91666666703,1986.83333333373,NA
190,191,0.150064125755794,-78.1833971949936,36.2862852816535,-78.173978982625,36.2871493766795,14.9833974597858,14.83333333403,1986.83333333373,1986.98339745949,NA
161,163,0.75,-78.2206735206433,40.8584201540049,-78.354385463881,40.5687329367314,15.0000000003,14.2500000003,1986.25,1987,NA
191,44,0.0166025405142065,-78.173978982625,36.2871493766795,-78.1310364284831,36.4735613974348,15.0000000003,14.9833974597858,1986.98339745949,1987,126
190,43,0.41666666627,-78.1833971949936,36.2862852816535,-78.216718495739,36.2392264952101,15.2500000003,14.83333333403,1986.83333333373,1987.25,123
191,45,0.266602540514207,-78.173978982625,36.2871493766795,-78.2086699501064,36.2343061733781,15.2500000003,14.9833974597858,1986.98339745949,1987.25,127
227,82,13.7499996673,-78.6482468379863,40.208553412106,-78.269518,42.011589,15.3333330003,1.583333333,1973.5833333327,1987.333333,8
194,47,1.41666633430004,-78.6370634208674,39.788199699948,-79.067971,39.298603,15.3333330003,13.916666666,1985.9166666657,1987.333333,110
241,242,9.75,-78.1672444723664,42.1069443922313,-78.1824913134613,41.6517542038821,15.33333333333,5.58333333333,1977.58333333303,1987.33333333303,NA
249,102,5.83333366696996,-78.3370635128146,40.6212236794778,-78.410036,39.757371,15.4166670003,9.58333333333,1981.58333333303,1987.416667,68
186,187,1.166666667,-78.1334737539881,36.3093001723151,-78.1407692119368,36.491801719848,15.75000000103,14.58333333403,1986.58333333373,1987.75000000073,NA
234,87,8.49999966730004,-78.2101491692685,42.4441841270756,-78.134206,42.598233,15.8333330003,7.333333333,1979.3333333327,1987.833333,46
230,231,2.333333333,-78.4127975277704,40.6934482114125,-78.5463325550377,41.1184201224918,15.916666666,13.583333333,1985.5833333327,1987.9166666657,NA
175,27,2.25000033329996,-77.9154317796339,37.5025729087633,-77.286375,37.228396,15.9166670003,13.666666667,1985.6666666667,1987.916667,106
185,37,1.58333366626996,-78.1460527447195,36.1558878861512,-77.986699,36.510485,15.9166670003,14.33333333403,1986.33333333373,1987.916667,116
235,89,6.08333300030004,-78.3706207915015,41.5559474897318,-78.569852,41.014418,16.0833330003,10,1981.9999999997,1988.083333,74
257,260,11.75,-78.0507110498674,42.428353917968,-78.1940730250939,42.0205482668877,16.33333333266,4.58333333266,1976.58333333236,1988.33333333236,NA
194,195,2.5,-78.6370634208674,39.788199699948,-78.518207749891,40.1784300519265,16.416666666,13.916666666,1985.9166666657,1988.4166666657,NA
248,250,10.66666667,-78.2192732743969,41.422145146729,-78.3412943145008,41.4912158317926,16.41666667033,5.75000000033,1977.75000000003,1988.41666667003,NA
188,41,2.91666666627,-78.1312477584627,36.3869660446661,-78.48308,36.068369,16.5000000003,13.58333333403,1985.58333333373,1988.5,103
231,85,0.666666334300036,-78.5463325550377,41.1184201224918,-78.4492375459142,41.2199893667192,16.5833330003,15.916666666,1987.9166666657,1988.583333,132
151,152,4.833333333,-78.2854264758724,40.7493489107165,-78.3574751472589,40.5852359284,16.6666666663,11.8333333333,1983.833333333,1988.666666666,NA
186,38,2.16666666627,-78.1334737539881,36.3093001723151,-78.416774,35.493072,16.7500000003,14.58333333403,1986.58333333373,1988.75,118
231,86,0.833333334299997,-78.5463325550377,41.1184201224918,-78.350897,41.265714,16.7500000003,15.916666666,1987.9166666657,1988.75,133
250,252,0.333333333300001,-78.3412943145008,41.4912158317926,-78.3410742842929,41.487272324646,16.75000000363,16.41666667033,1988.41666667003,1988.75000000333,NA
260,261,0.75,-78.1940730250939,42.0205482668877,-78.2227449782838,42.0228682498035,17.08333333266,16.33333333266,1988.33333333236,1989.08333333236,NA
261,264,0.0833333333299997,-78.2227449782838,42.0228682498035,-78.2197418828212,42.0435333296823,17.16666666599,17.08333333266,1989.08333333236,1989.16666666569,NA
236,90,7.08333366696996,-78.33777342517,41.6166073105903,-78.283449,41.636805,17.1666670003,10.08333333333,1982.08333333303,1989.166667,76
260,115,0.916666667639998,-78.1940730250939,42.0205482668877,-78.2915398153687,41.8717972697437,17.2500000003,16.33333333266,1988.33333333236,1989.25,134
252,253,0.583333333300001,-78.3410742842929,41.487272324646,-78.3361112579194,41.5022945655366,17.33333333693,16.75000000363,1988.75000000333,1989.33333333663,NA
230,84,3.9166666673,-78.4127975277704,40.6934482114125,-78.385642,40.797724,17.5000000003,13.583333333,1985.5833333327,1989.5,105
250,251,1.083333333,-78.3412943145008,41.4912158317926,-78.2509425797907,41.2759860318874,17.50000000333,16.41666667033,1988.41666667003,1989.50000000303,NA
176,28,3.08333300030004,-77.927419778086,37.467482044578,-77.87,37.426083,17.8333330003,14.75,1986.7499999997,1989.833333,121
261,262,0.75,-78.2227449782838,42.0228682498035,-78.3733975201331,41.4453423735229,17.83333333266,17.08333333266,1989.08333333236,1989.83333333236,NA
247,100,5.25000033426996,-78.1804510819635,42.3687565202141,-78.218792,42.426416,17.9166670003,12.66666666603,1984.66666666573,1989.916667,90
183,36,5.33333299960004,-78.1383788663129,36.4228144093872,-78.173373,36.5776,18.0833330003,12.7500000007,1984.7500000004,1990.083333,95
262,263,0.25,-78.3733975201331,41.4453423735229,-78.3742833512585,41.4398734680136,18.08333333266,17.83333333266,1989.83333333236,1990.08333333236,NA
211,212,8.916666667,-77.0026443630988,38.123754262449,-77.6447967291893,36.7651539848561,18.16666666673,9.24999999973,1981.24999999943,1990.16666666643,NA
263,118,0.249999667640036,-78.3742833512585,41.4398734680136,-78.4023751241726,41.4532773384772,18.3333330003,18.08333333266,1990.08333333236,1990.333333,155
176,177,3.583333333,-77.927419778086,37.467482044578,-77.9478886193154,35.6506497678189,18.333333333,14.75,1986.7499999997,1990.3333333327,NA
251,105,0.999999996970001,-78.2509425797907,41.2759860318874,-78.197151,41.228551,18.5000000003,17.50000000333,1989.50000000303,1990.5,151
195,48,2.25000033429996,-78.518207749891,40.1784300519265,-77.724749,38.368741,18.6666670003,16.416666666,1988.4166666657,1990.666667,139
253,106,1.33333366336996,-78.3361112579194,41.5022945655366,-78.3963858585716,41.453009519026,18.6666670003,17.33333333693,1989.33333333663,1990.666667,148
187,40,2.99999999927,-78.1407692119368,36.491801719848,-77.621192,37.030319,18.7500000003,15.75000000103,1987.75000000073,1990.75,131
163,16,4,-78.354385463881,40.5687329367314,-78.161729,39.82833,19.0000000003,15.0000000003,1987,1991,125
195,196,2.75,-78.518207749891,40.1784300519265,-78.4523036967973,40.7182998069373,19.166666666,16.416666666,1988.4166666657,1991.1666666657,NA
253,107,1.83333366336996,-78.3361112579194,41.5022945655366,-78.2881525784478,41.4020411843592,19.1666670003,17.33333333693,1989.33333333663,1991.166667,149
249,103,9.66666666697,-78.3370635128146,40.6212236794778,-78.0452883571811,38.8918821399036,19.2500000003,9.58333333333,1981.58333333303,1991.25,69
177,30,0.9166666673,-77.9478886193154,35.6506497678189,-77.920107,35.523469,19.2500000003,18.333333333,1990.3333333327,1991.25,159
242,94,3.99999966697004,-78.1824913134613,41.6517542038821,-77.657918,39.575645,19.3333330003,15.33333333333,1987.33333333303,1991.333333,129
152,153,2.666666667,-78.3574751472589,40.5852359284,-78.3567559435141,40.3520009321297,19.3333333333,16.6666666663,1988.666666666,1991.333333333,NA
179,180,5.666666667,-78.371936505373,35.5830062874387,-78.3866025279073,35.183097511843,19.333333334,13.666666667,1985.6666666667,1991.3333333337,NA
177,29,1.08333366729996,-77.9478886193154,35.6506497678189,-77.82416,35.950166,19.4166670003,18.333333333,1990.3333333327,1991.416667,158
264,265,2.333333333,-78.2197418828212,42.0435333296823,-78.2108999110025,42.1465962460839,19.49999999899,17.16666666599,1989.16666666569,1991.49999999869,NA
180,181,0.166666666699999,-78.3866025279073,35.183097511843,-78.3711936344831,35.2103007476765,19.5000000007,19.333333334,1991.3333333337,1991.5000000004,NA
229,83,6.33333300060004,-78.4284960156486,40.6627289685684,-78.674221,39.920746,19.5833330003,13.2499999997,1985.2499999994,1991.583333,99
262,116,1.74999966764004,-78.3733975201331,41.4453423735229,-78.329199,41.592112,19.5833330003,17.83333333266,1989.83333333236,1991.583333,153
187,39,3.91666699926996,-78.1407692119368,36.491801719848,-78.2082896609527,36.2402828880687,19.6666670003,15.75000000103,1987.75000000073,1991.666667,130
161,162,5.666666667,-78.2206735206433,40.8584201540049,-78.1820202575512,41.1267669958231,19.9166666673,14.2500000003,1986.25,1991.916666667,NA
181,33,0.4999999996,-78.3711936344831,35.2103007476765,-78.390624,35.184667,20.0000000003,19.5000000007,1991.5000000004,1992,168
162,14,0.0833333329999988,-78.1820202575512,41.1267669958231,-78.203013,40.99666,20.0000000003,19.9166666673,1991.916666667,1992,170
163,164,5.083333333,-78.354385463881,40.5687329367314,-78.143226947228,40.4900244566178,20.0833333333,15.0000000003,1987,1992.083333333,NA
164,166,0.0833333333299997,-78.143226947228,40.4900244566178,-78.4320260727319,40.6902219950445,20.16666666663,20.0833333333,1992.083333333,1992.16666666633,NA
265,120,0.66666700130996,-78.2108999110025,42.1465962460839,-78.252527,42.150355,20.1666670003,19.49999999899,1991.49999999869,1992.166667,166
152,155,3.583333333,-78.3574751472589,40.5852359284,-77.8094209395023,37.3983468711736,20.2499999993,16.6666666663,1988.666666666,1992.249999999,NA
212,213,2.25,-77.6447967291893,36.7651539848561,-79.6345659397673,38.5672588809738,20.41666666673,18.16666666673,1990.16666666643,1992.41666666643,NA
181,34,0.916666999599961,-78.3711936344831,35.2103007476765,-78.404954,35.058766,20.4166670003,19.5000000007,1991.5000000004,1992.416667,169
265,266,1.166666667,-78.2108999110025,42.1465962460839,-78.2997480408066,41.5361762007117,20.66666666599,19.49999999899,1991.49999999869,1992.66666666569,NA
166,167,0.666666666699999,-78.4320260727319,40.6902219950445,-78.4273368571552,40.7054752753771,20.83333333333,20.16666666663,1992.16666666633,1992.83333333303,NA
166,19,0.916666333670037,-78.4320260727319,40.6902219950445,-78.366142,40.934843,21.0833330003,20.16666666663,1992.16666666633,1993.083333,175
196,49,2.0833333343,-78.4523036967973,40.7182998069373,-78.341854,40.836286,21.2500000003,19.166666666,1991.1666666657,1993.25,161
153,154,2,-78.3567559435141,40.3520009321297,-78.2311163850999,40.3862748269783,21.3333333333,19.3333333333,1991.333333333,1993.333333333,NA
266,271,0.75,-78.2997480408066,41.5361762007117,-78.3094102231903,41.2819072550165,21.41666666599,20.66666666599,1992.66666666569,1993.41666666569,NA
251,104,3.91666699696996,-78.2509425797907,41.2759860318874,-77.748175,40.15645,21.4166670003,17.50000000333,1989.50000000303,1993.416667,150
263,117,3.49999966764004,-78.3742833512585,41.4398734680136,-78.349079,41.683819,21.5833330003,18.08333333266,1990.08333333236,1993.583333,154
155,156,1.5,-77.8094209395023,37.3983468711736,-77.7829554647739,37.4494283317618,21.7499999993,20.2499999993,1992.249999999,1993.749999999,NA
266,267,1.166666667,-78.2997480408066,41.5361762007117,-78.2946725985929,41.4213742331452,21.83333333299,20.66666666599,1992.66666666569,1993.83333333269,NA
252,254,5.083333333,-78.3410742842929,41.487272324646,-78.1659014539492,42.2848448922239,21.83333333663,16.75000000363,1988.75000000333,1993.83333333633,NA
162,15,2.00000033299996,-78.1820202575512,41.1267669958231,-77.977772,39.998845,21.9166670003,19.9166666673,1991.916666667,1993.916667,171
242,243,6.75,-78.1824913134613,41.6517542038821,-78.1671723278357,41.7046445753911,22.08333333333,15.33333333333,1987.33333333303,1994.08333333303,NA
243,96,0.0833336669699598,-78.1671723278357,41.7046445753911,-78.157539,41.718265,22.1666670003,22.08333333333,1994.08333333303,1994.166667,195
271,278,1,-78.3094102231903,41.2819072550165,-78.2887331066047,41.2949529274435,22.41666666599,21.41666666599,1993.41666666569,1994.41666666569,NA
267,268,0.583333333300001,-78.2946725985929,41.4213742331452,-78.2649411440243,41.421498651915,22.41666666629,21.83333333299,1993.83333333269,1994.41666666599,NA
212,217,4.25,-77.6447967291893,36.7651539848561,-77.6147279488227,36.9900580476714,22.41666666673,18.16666666673,1990.16666666643,1994.41666666643,NA
254,108,0.583333663669961,-78.1659014539492,42.2848448922239,-78.2834998510193,41.8685058329846,22.4166670003,21.83333333663,1993.83333333633,1994.416667,190
267,269,0.833333333300001,-78.2946725985929,41.4213742331452,-78.3049626832768,41.5009283419431,22.66666666629,21.83333333299,1993.83333333269,1994.66666666599,NA
269,123,3.34009957470016e-07,-78.3049626832768,41.5009283419431,-78.3049070123867,41.5009964020883,22.6666670003,22.66666666629,1994.66666666599,1994.666667,202
268,121,0.416666334010035,-78.2649411440243,41.421498651915,-78.2832265204428,41.4013073891161,22.8333330003,22.41666666629,1994.41666666599,1994.833333,200
153,4,3.666666667,-78.3567559435141,40.3520009321297,-76.382464,38.433046,23.0000000003,19.3333333333,1991.333333333,1995,165
213,214,2.666666667,-79.6345659397673,38.5672588809738,-79.5015026486002,37.9642239492477,23.08333333373,20.41666666673,1992.41666666643,1995.08333333343,NA
254,255,1.333333333,-78.1659014539492,42.2848448922239,-78.1556598521939,42.4465468745555,23.16666666963,21.83333333663,1993.83333333633,1995.16666666933,NA
214,67,0.0833336665699562,-79.5015026486002,37.9642239492477,-79.4908899307936,37.980503837312,23.1666670003,23.08333333373,1995.08333333343,1995.166667,204
154,5,1.99999966700004,-78.2311163850999,40.3862748269783,-78.2362960568318,40.5324076061005,23.3333330003,21.3333333333,1993.333333333,1995.333333,184
155,158,3.166666667,-77.8094209395023,37.3983468711736,-77.8388152446716,37.390708588504,23.4166666663,20.2499999993,1992.249999999,1995.416666666,NA
156,7,1.83333300100004,-77.7829554647739,37.4494283317618,-76.306292,37.843586,23.5833330003,21.7499999993,1993.749999999,1995.583333,189
158,10,0.166666334000038,-77.8388152446716,37.390708588504,-76.597781,39.470834,23.5833330003,23.4166666663,1995.416666666,1995.583333,208
208,61,11.0833333336,-77.7308674396139,40.1622373936795,-77.405924,38.781986,23.7500000003,12.6666666667,1984.6666666664,1995.75,92
278,281,1.583333333,-78.2887331066047,41.2949529274435,-78.3118820007475,41.4573581105355,23.99999999899,22.41666666599,1994.41666666569,1995.99999999869,NA
156,157,2.416666667,-77.7829554647739,37.4494283317618,-78.0587466019141,37.4885720160634,24.1666666663,21.7499999993,1993.749999999,1996.166666666,NA
281,285,0.333333333300001,-78.3118820007475,41.4573581105355,-78.3897226427496,41.4776121311553,24.33333333229,23.99999999899,1995.99999999869,1996.33333333199,NA
271,272,3.333333333,-78.3094102231903,41.2819072550165,-78.4368310010873,40.9152932800037,24.74999999899,21.41666666599,1993.41666666569,1996.74999999869,NA
285,286,0.416666666699999,-78.3897226427496,41.4776121311553,-78.3920460955468,41.3381827652513,24.74999999899,24.33333333229,1996.33333333199,1996.74999999869,NA
285,288,0.583333333300001,-78.3897226427496,41.4776121311553,-78.3889693068374,41.4645892515968,24.91666666559,24.33333333229,1996.33333333199,1996.91666666529,NA
214,215,2,-79.5015026486002,37.9642239492477,-79.7236774274487,37.7327974574141,25.08333333373,23.08333333373,1995.08333333343,1997.08333333343,NA
272,273,0.416666666699999,-78.4368310010873,40.9152932800037,-78.4553772346664,40.890132172288,25.16666666569,24.74999999899,1996.74999999869,1997.16666666539,NA
196,197,6,-78.4523036967973,40.7182998069373,-79.5221266990904,37.9693794131022,25.166666666,19.166666666,1991.1666666657,1997.1666666657,NA
272,275,0.5,-78.4368310010873,40.9152932800037,-78.4205440228694,41.043513087516,25.24999999899,24.74999999899,1996.74999999869,1997.24999999869,NA
158,159,1.833333333,-77.8388152446716,37.390708588504,-77.8658947076236,37.503788862177,25.2499999993,23.4166666663,1995.416666666,1997.249999999,NA
286,140,0.500000001309999,-78.3920460955468,41.3381827652513,-78.3732168434692,41.3537163311394,25.2500000003,24.74999999899,1996.74999999869,1997.25,219
215,216,0.25,-79.7236774274487,37.7327974574141,-79.7215898391222,37.7409612179773,25.33333333373,25.08333333373,1997.08333333343,1997.33333333343,NA
286,287,0.75,-78.3920460955468,41.3381827652513,-78.5041750292385,41.1484642931598,25.49999999899,24.74999999899,1996.74999999869,1997.49999999869,NA
197,198,0.333333333300001,-79.5221266990904,37.9693794131022,-79.5074698220753,37.9340949390229,25.4999999993,25.166666666,1997.1666666657,1997.499999999,NA
167,168,4.833333333,-78.4273368571552,40.7054752753771,-78.6137571203458,40.277655839978,25.66666666633,20.83333333333,1992.83333333303,1997.66666666603,NA
258,112,16.75000033464,-78.2748211113711,40.7150790706698,-78.335636,40.600483,25.6666670003,8.91666666566,1980.91666666536,1997.666667,63
154,6,4.33333366699996,-78.2311163850999,40.3862748269783,-78.313409,37.46639,25.6666670003,21.3333333333,1993.333333333,1997.666667,185
281,282,1.916666667,-78.3118820007475,41.4573581105355,-78.3628851115819,41.3447588409614,25.91666666599,23.99999999899,1995.99999999869,1997.91666666569,NA
157,9,1.75000033399996,-78.0587466019141,37.4885720160634,-78.0550136350923,37.3936509230471,25.9166670003,24.1666666663,1996.166666666,1997.916667,234
217,222,3.583333333,-77.6147279488227,36.9900580476714,-77.5710547037715,37.0624641299874,25.99999999973,22.41666666673,1994.41666666643,1997.99999999943,NA
287,141,0.500000001309999,-78.5041750292385,41.1484642931598,-78.4745051161085,41.0766304733148,26.0000000003,25.49999999899,1997.49999999869,1998,236
197,50,0.916666334300036,-79.5221266990904,37.9693794131022,-79.4935714394003,37.9828840490902,26.0833330003,25.166666666,1997.1666666657,1998.083333,224
198,199,0.583333333300001,-79.5074698220753,37.9340949390229,-79.5175786594964,37.900057730549,26.0833333326,25.4999999993,1997.499999999,1998.0833333323,NA
243,95,4.41666666697,-78.1671723278357,41.7046445753911,-78.243788,41.202492,26.5000000003,22.08333333333,1994.08333333303,1998.5,194
288,143,1.58333333471,-78.3889693068374,41.4645892515968,-78.3771449493031,41.363000663917,26.5000000003,24.91666666559,1996.91666666529,1998.5,220
159,11,1.250000001,-77.8658947076236,37.503788862177,-77.722748,38.603393,26.5000000003,25.2499999993,1997.249999999,1998.5,229
213,66,6.16666633357003,-79.6345659397673,38.5672588809738,-79.574866,38.715332,26.5833330003,20.41666666673,1992.41666666643,1998.583333,178
264,119,9.50000033430996,-78.2197418828212,42.0435333296823,-78.265248,42.490087,26.6666670003,17.16666666599,1989.16666666569,1998.666667,147
216,69,1.41666666657,-79.7215898391222,37.7409612179773,-79.635794,38.090366,26.7500000003,25.33333333373,1997.33333333343,1998.75,232
255,110,3.75000033066996,-78.1556598521939,42.4465468745555,-78.14588,42.468392,26.9166670003,23.16666666963,1995.16666666933,1998.916667,207
222,76,0.916667000569959,-77.5710547037715,37.0624641299874,-77.870977,37.087346,26.9166670003,25.99999999973,1997.99999999943,1998.916667,244
282,283,1.083333333,-78.3628851115819,41.3447588409614,-78.3947241782217,41.3783665809611,26.99999999899,25.91666666599,1997.91666666569,1998.99999999869,NA
159,160,1.75,-77.8658947076236,37.503788862177,-77.9506077855101,37.3701338328065,26.9999999993,25.2499999993,1997.249999999,1998.999999999,NA
222,223,1,-77.5710547037715,37.0624641299874,-77.3214056790306,36.926135083405,26.99999999973,25.99999999973,1997.99999999943,1998.99999999943,NA
180,32,7.6666666663,-78.3866025279073,35.183097511843,-78.468445,34.432697,27.0000000003,19.333333334,1991.3333333337,1999,162
216,70,1.91666666657,-79.7215898391222,37.7409612179773,-79.6259229815169,37.6827866261542,27.2500000003,25.33333333373,1997.33333333343,1999.25,233
199,52,1.1666666677,-79.5175786594964,37.900057730549,-79.375075,37.448044,27.2500000003,26.0833333326,1998.0833333323,1999.25,247
282,284,1.583333333,-78.3628851115819,41.3447588409614,-78.4243232530942,41.7604201008686,27.49999999899,25.91666666599,1997.91666666569,1999.49999999869,NA
199,200,1.416666667,-79.5175786594964,37.900057730549,-79.8325409564116,37.8399962605413,27.4999999996,26.0833333326,1998.0833333323,1999.4999999993,NA
255,109,4.33333333067,-78.1556598521939,42.4465468745555,-77.456978,40.993003,27.5000000003,23.16666666963,1995.16666666933,1999.5,206
283,137,0.583333001310038,-78.3947241782217,41.3783665809611,-78.3119178056636,41.5001583901567,27.5833330003,26.99999999899,1998.99999999869,1999.583333,251
269,270,4.916666667,-78.3049626832768,41.5009283419431,-78.0364508303955,42.7717568867563,27.58333333329,22.66666666629,1994.66666666599,1999.58333333299,NA
167,169,6.75,-78.4273368571552,40.7054752753771,-78.3877594985558,41.1435441054887,27.58333333333,20.83333333333,1992.83333333303,1999.58333333303,NA
287,142,2.41666700130996,-78.5041750292385,41.1484642931598,-78.500126,41.391482,27.9166670003,25.49999999899,1997.49999999869,1999.916667,237
217,218,5.583333333,-77.6147279488227,36.9900580476714,-77.7591591845935,36.6484290474081,27.99999999973,22.41666666673,1994.41666666643,1999.99999999943,NA
168,20,2.33333333397,-78.6137571203458,40.277655839978,-78.896724,39.099887,28.0000000003,25.66666666633,1997.66666666603,2000,240
168,21,2.33333333397,-78.6137571203458,40.277655839978,-78.724162,40.017498,28.0000000003,25.66666666633,1997.66666666603,2000,241
223,224,1.166666667,-77.3214056790306,36.926135083405,-77.2887415799607,36.8308551960015,28.16666666673,26.99999999973,1998.99999999943,2000.16666666643,NA
246,99,17.91666666727,-78.1787815768857,41.8368793579653,-78.199151,45.275483,28.2500000003,10.33333333303,1982.33333333273,2000.25,79
224,78,0.166666333570035,-77.2887415799607,36.8308551960015,-77.312174,36.909719,28.3333330003,28.16666666673,2000.16666666643,2000.333333,266
273,274,3.25,-78.4553772346664,40.890132172288,-78.4714872806311,40.8679287026028,28.41666666569,25.16666666569,1997.16666666539,2000.41666666539,NA
198,51,2.91666700099996,-79.5074698220753,37.9340949390229,-79.6265233906136,37.6881351299493,28.4166670003,25.4999999993,1997.499999999,2000.416667,239
278,279,6.083333333,-78.2887331066047,41.2949529274435,-78.2184212720219,41.3610567387811,28.49999999899,22.41666666599,1994.41666666569,2000.49999999869,NA
218,71,0.500000000569997,-77.7591591845935,36.6484290474081,-77.662564,36.698061,28.5000000003,27.99999999973,1999.99999999943,2000.5,263
268,122,6.16666633401003,-78.2649411440243,41.421498651915,-78.261674318989,41.5366027208515,28.5833330003,22.41666666629,1994.41666666599,2000.583333,268
270,125,1.08333366700996,-78.0364508303955,42.7717568867563,-77.94631,41.829926,28.6666670003,27.58333333329,1999.58333333299,2000.666667,261
200,201,1.25,-79.8325409564116,37.8399962605413,-80.0927547813196,37.6536172731884,28.7499999996,27.4999999996,1999.4999999993,2000.7499999993,NA
275,129,3.50000000131,-78.4205440228694,41.043513087516,-78.537002,40.93165,28.7500000003,25.24999999899,1997.24999999869,2000.75,231
160,13,1.83333300100004,-77.9506077855101,37.3701338328065,-78.00376,36.950397,28.8333330003,26.9999999993,1998.999999999,2000.833333,275
288,289,4.083333333,-78.3889693068374,41.4645892515968,-78.2849762882064,41.4869071636823,28.99999999859,24.91666666559,1996.91666666529,2000.99999999829,NA
283,136,2.00000000131,-78.3947241782217,41.3783665809611,-78.4688468968346,41.0757853039084,29.0000000003,26.99999999899,1998.99999999869,2001,250
270,124,1.41666666701,-78.0364508303955,42.7717568867563,-78.062088,42.848306,29.0000000003,27.58333333329,1999.58333333299,2001,260
223,77,2.08333300057004,-77.3214056790306,36.926135083405,-76.990451,37.216787,29.0833330003,26.99999999973,1998.99999999943,2001.083333,252
157,8,5.00000033399996,-78.0587466019141,37.4885720160634,-78.715669,35.948912,29.1666670003,24.1666666663,1996.166666666,2001.166667,278
169,23,1.58333366696996,-78.3877594985558,41.1435441054887,-78.499048,41.160537,29.1666670003,27.58333333333,1999.58333333303,2001.166667,259
275,276,4.083333333,-78.4205440228694,41.043513087516,-78.5000944932073,41.6549228792757,29.33333333199,25.24999999899,1997.24999999869,2001.33333333169,NA
279,280,0.833333333300001,-78.2184212720219,41.3610567387811,-78.2670255551771,41.4294490458755,29.33333333229,28.49999999899,2000.49999999869,2001.33333333199,NA
276,277,0.25,-78.5000944932073,41.6549228792757,-78.588769020738,41.3907902122411,29.58333333199,29.33333333199,2001.33333333169,2001.58333333169,NA
218,219,1.583333333,-77.7591591845935,36.6484290474081,-78.3842741460405,36.0543387348452,29.58333333273,27.99999999973,1999.99999999943,2001.58333333243,NA
201,54,1.00000000069999,-80.0927547813196,37.6536172731884,-80.249209,37.952093,29.7500000003,28.7499999996,2000.7499999993,2001.75,300
219,220,0.333333333300001,-78.3842741460405,36.0543387348452,-78.4206336264785,36.0142560621017,29.91666666603,29.58333333273,2001.58333333243,2001.91666666573,NA
224,225,1.75,-77.2887415799607,36.8308551960015,-78.2558447763765,37.6962116410394,29.91666666673,28.16666666673,2000.16666666643,2001.91666666643,NA
160,12,2.91666700099996,-77.9506077855101,37.3701338328065,-78.0603602564338,37.3928527565355,29.9166670003,26.9999999993,1998.999999999,2001.916667,248
284,138,2.41666700130996,-78.4243232530942,41.7604201008686,-78.340155,41.920813,29.9166670003,27.49999999899,1999.49999999869,2001.916667,254
200,53,2.50000000069999,-79.8325409564116,37.8399962605413,-79.930563,37.915528,30.0000000003,27.4999999996,1999.4999999993,2002,257
169,22,2.49999966697004,-78.3877594985558,41.1435441054887,-78.2867920793213,41.4056247634252,30.0833330003,27.58333333333,1999.58333333303,2002.083333,258
277,131,0.583333668309962,-78.588769020738,41.3907902122411,-78.556099,41.323292,30.1666670003,29.58333333199,2001.58333333169,2002.166667,298
220,221,0.416666666699999,-78.4206336264785,36.0142560621017,-78.4275670617109,35.9672029117729,30.33333333273,29.91666666603,2001.91666666573,2002.33333333243,NA
284,139,3.08333300131004,-78.4243232530942,41.7604201008686,-78.447246,41.62626,30.5833330003,27.49999999899,1999.49999999869,2002.583333,255
274,127,2.16666633461004,-78.4714872806311,40.8679287026028,-78.4473185185378,41.2186555722427,30.5833330003,28.41666666569,2000.41666666539,2002.583333,270
276,130,1.24999966831004,-78.5000944932073,41.6549228792757,-78.470513,41.711226,30.5833330003,29.33333333199,2001.33333333169,2002.583333,291
225,226,0.666666666699999,-78.2558447763765,37.6962116410394,-78.2507007165569,37.8442430695836,30.58333333343,29.91666666673,2001.91666666643,2002.58333333313,NA
201,55,2.00000000069999,-80.0927547813196,37.6536172731884,-79.998455,38.807742,30.7500000003,28.7499999996,2000.7499999993,2002.75,310
226,80,0.166666666869997,-78.2507007165569,37.8442430695836,-78.25598,37.931731,30.7500000003,30.58333333343,2002.58333333313,2002.75,316
226,81,0.249999666870035,-78.2507007165569,37.8442430695836,-78.279028,37.698715,30.8333330003,30.58333333343,2002.58333333313,2002.833333,317
280,134,1.66666666801,-78.2670255551771,41.4294490458755,-78.2655701646229,41.5396068844979,31.0000000003,29.33333333229,2001.33333333199,2003,292
221,74,0.916666667569999,-78.4275670617109,35.9672029117729,-78.182871,36.136342,31.2500000003,30.33333333273,2002.33333333243,2003.25,312
277,132,1.74999966831004,-78.588769020738,41.3907902122411,-78.554062,41.557244,31.3333330003,29.58333333199,2001.58333333169,2003.333333,308
164,165,11.33333333,-78.143226947228,40.4900244566178,-78.1042718962557,40.2696292634226,31.4166666633,20.0833333333,1992.083333333,2003.416666663,NA
273,126,6.25000033460996,-78.4553772346664,40.890132172288,-78.390991,41.032359,31.4166670003,25.16666666569,1997.16666666539,2003.416667,295
289,145,2.41666700170996,-78.2849762882064,41.4869071636823,-78.172076,42.205679,31.4166670003,28.99999999859,2000.99999999829,2003.416667,287
215,68,6.41666666657,-79.7236774274487,37.7327974574141,-78.427315,37.337611,31.5000000003,25.08333333373,1997.08333333343,2003.5,289
274,128,3.08333333461,-78.4714872806311,40.8679287026028,-78.534865,40.614837,31.5000000003,28.41666666569,2000.41666666539,2003.5,271
165,18,0.166666337000038,-78.1042718962557,40.2696292634226,-78.151767,40.197539,31.5833330003,31.4166666633,2003.416666663,2003.583333,321
289,144,3.08333300171004,-78.2849762882064,41.4869071636823,-78.3049922238712,41.5008460826748,32.0833330003,28.99999999859,2000.99999999829,2004.083333,286
225,79,2.16666633357003,-78.2558447763765,37.6962116410394,-77.994755,37.290092,32.0833330003,29.91666666673,2001.91666666643,2004.083333,303
280,135,2.99999966801004,-78.2670255551771,41.4294490458755,-78.198157,41.462128,32.3333330003,29.33333333229,2001.33333333199,2004.333333,293
219,72,2.74999966757004,-78.3842741460405,36.0543387348452,-78.348412,35.871074,32.3333330003,29.58333333273,2001.58333333243,2004.333333,296
221,75,2.08333366756996,-78.4275670617109,35.9672029117729,-78.446059,35.957879,32.4166670003,30.33333333273,2002.33333333243,2004.416667,332
165,17,1.00000033699996,-78.1042718962557,40.2696292634226,-77.917258,39.766999,32.4166670003,31.4166666633,2003.416666663,2004.416667,320
279,133,4.00000000131,-78.2184212720219,41.3610567387811,-78.327682,41.168909,32.5000000003,28.49999999899,2000.49999999869,2004.5,272
220,73,2.78333333427004,-78.4206336264785,36.0142560621017,-78.375063,35.975671,32.7000000003,29.91666666603,2001.91666666573,2004.7,304
